
 
 
 0.00000000e+00 -0.00000000e+00 
-2.00000000e-02 -4.34263875e-06 
-4.00000000e-02 -8.65050629e-06 
-6.00000000e-02 -1.29235297e-05 
-8.00000000e-02 -1.71616359e-05 
-1.00000000e-01 -2.13647521e-05 
-1.20000000e-01 -2.55328053e-05 
-1.40000000e-01 -2.96657224e-05 
-1.60000000e-01 -3.37634306e-05 
-1.80000000e-01 -3.78258568e-05 
-2.00000000e-01 -4.18529282e-05 
-2.20000000e-01 -4.58445717e-05 
-2.40000000e-01 -4.98007145e-05 
-2.60000000e-01 -5.37212835e-05 
-2.80000000e-01 -5.76062057e-05 
-3.00000000e-01 -6.14554083e-05 
-3.20000000e-01 -6.52688182e-05 
-3.40000000e-01 -6.90463626e-05 
-3.60000000e-01 -7.27879684e-05 
-3.80000000e-01 -7.64935626e-05 
-4.00000000e-01 -8.01630724e-05 
-4.20000000e-01 -8.37964247e-05 
-4.40000000e-01 -8.73935467e-05 
-4.60000000e-01 -9.09543653e-05 
-4.80000000e-01 -9.44788075e-05 
-5.00000000e-01 -9.79668005e-05 
-5.20000000e-01 -1.01418271e-04 
-5.40000000e-01 -1.04833147e-04 
-5.60000000e-01 -1.08211354e-04 
-5.80000000e-01 -1.11552820e-04 
-6.00000000e-01 -1.14857473e-04 
-6.20000000e-01 -1.18125238e-04 
-6.40000000e-01 -1.21356043e-04 
-6.60000000e-01 -1.24549815e-04 
-6.80000000e-01 -1.27706481e-04 
-7.00000000e-01 -1.30825969e-04 
-7.20000000e-01 -1.33908204e-04 
-7.40000000e-01 -1.36953115e-04 
-7.60000000e-01 -1.39960628e-04 
-7.80000000e-01 -1.42930670e-04 
-8.00000000e-01 -1.45863169e-04 
-8.20000000e-01 -1.48758051e-04 
-8.40000000e-01 -1.51615243e-04 
-8.60000000e-01 -1.54434673e-04 
-8.80000000e-01 -1.57216267e-04 
-9.00000000e-01 -1.59959953e-04 
-9.20000000e-01 -1.62665657e-04 
-9.40000000e-01 -1.65333307e-04 
-9.60000000e-01 -1.67962830e-04 
-9.80000000e-01 -1.70554152e-04 
-1.00000000e+00 -1.73107201e-04 
-1.02000000e+00 -1.75621904e-04 
-1.04000000e+00 -1.78098187e-04 
-1.06000000e+00 -1.80535979e-04 
-1.08000000e+00 -1.82935205e-04 
-1.10000000e+00 -1.85295793e-04 
-1.12000000e+00 -1.87617670e-04 
-1.14000000e+00 -1.89900763e-04 
-1.16000000e+00 -1.92145000e-04 
-1.18000000e+00 -1.94350306e-04 
-1.20000000e+00 -1.96516609e-04 
-1.22000000e+00 -1.98643837e-04 
-1.24000000e+00 -2.00731915e-04 
-1.26000000e+00 -2.02780772e-04 
-1.28000000e+00 -2.04790335e-04 
-1.30000000e+00 -2.06760529e-04 
-1.32000000e+00 -2.08691283e-04 
-1.34000000e+00 -2.10582524e-04 
-1.36000000e+00 -2.12434177e-04 
-1.38000000e+00 -2.14246172e-04 
-1.40000000e+00 -2.16018433e-04 
-1.42000000e+00 -2.17750890e-04 
-1.44000000e+00 -2.19443468e-04 
-1.46000000e+00 -2.21096094e-04 
-1.48000000e+00 -2.22708697e-04 
-1.50000000e+00 -2.24281202e-04 
-1.52000000e+00 -2.25813536e-04 
-1.54000000e+00 -2.27305628e-04 
-1.56000000e+00 -2.28757403e-04 
-1.58000000e+00 -2.30168789e-04 
-1.60000000e+00 -2.31539714e-04 
-1.62000000e+00 -2.32870103e-04 
-1.64000000e+00 -2.34159884e-04 
-1.66000000e+00 -2.35408984e-04 
-1.68000000e+00 -2.36617330e-04 
-1.70000000e+00 -2.37784850e-04 
-1.72000000e+00 -2.38911469e-04 
-1.74000000e+00 -2.39997116e-04 
-1.76000000e+00 -2.41041717e-04 
-1.78000000e+00 -2.42045199e-04 
-1.80000000e+00 -2.43007490e-04 
-1.82000000e+00 -2.43928516e-04 
-1.84000000e+00 -2.44808204e-04 
-1.86000000e+00 -2.45646482e-04 
-1.88000000e+00 -2.46443276e-04 
-1.90000000e+00 -2.47198514e-04 
-1.92000000e+00 -2.47912122e-04 
-1.94000000e+00 -2.48584028e-04 
-1.96000000e+00 -2.49214159e-04 
-1.98000000e+00 -2.49802441e-04 
-2.00000000e+00 -2.50348802e-04 
-2.02000000e+00 -2.50853169e-04 
-2.04000000e+00 -2.51315468e-04 
-2.06000000e+00 -2.51735628e-04 
-2.08000000e+00 -2.52113574e-04 
-2.10000000e+00 -2.52449234e-04 
-2.12000000e+00 -2.52742535e-04 
-2.14000000e+00 -2.52993404e-04 
-2.16000000e+00 -2.53201769e-04 
-2.18000000e+00 -2.53367555e-04 
-2.20000000e+00 -2.53512028e-04 
-2.22000000e+00 -2.53656501e-04 
-2.24000000e+00 -2.53800974e-04 
-2.26000000e+00 -2.53945447e-04 
-2.28000000e+00 -2.54089920e-04 
-2.30000000e+00 -2.54234393e-04 
-2.32000000e+00 -2.54378866e-04 
-2.34000000e+00 -2.54523339e-04 
-2.36000000e+00 -2.54667812e-04 
-2.38000000e+00 -2.54812285e-04 
-2.40000000e+00 -2.54956758e-04 
-2.42000000e+00 -2.55101231e-04 
-2.44000000e+00 -2.55245704e-04 
-2.46000000e+00 -2.55390177e-04 
-2.48000000e+00 -2.55534650e-04 
-2.50000000e+00 -2.55679123e-04 
-2.52000000e+00 -2.55823595e-04 
-2.54000000e+00 -2.55968068e-04 
-2.56000000e+00 -2.56112541e-04 
-2.58000000e+00 -2.56257014e-04 
-2.60000000e+00 -2.56401487e-04 
-2.62000000e+00 -2.56545960e-04 
-2.64000000e+00 -2.56690433e-04 
-2.66000000e+00 -2.56834906e-04 
-2.68000000e+00 -2.56979379e-04 
-2.70000000e+00 -2.57123852e-04 
-2.72000000e+00 -2.57268325e-04 
-2.74000000e+00 -2.57412798e-04 
-2.76000000e+00 -2.57557271e-04 
-2.78000000e+00 -2.57701744e-04 
-2.80000000e+00 -2.57846217e-04 
-2.82000000e+00 -2.57990690e-04 
-2.84000000e+00 -2.58135163e-04 
-2.86000000e+00 -2.58279636e-04 
-2.88000000e+00 -2.58424109e-04 
-2.90000000e+00 -2.58568582e-04 
-2.92000000e+00 -2.58713055e-04 
-2.94000000e+00 -2.58857528e-04 
-2.96000000e+00 -2.59002001e-04 
-2.98000000e+00 -2.59146474e-04 
-3.00000000e+00 -2.59290947e-04 
-3.02000000e+00 -2.59435420e-04 
-3.04000000e+00 -2.59579893e-04 
-3.06000000e+00 -2.59724366e-04 
-3.08000000e+00 -2.59868839e-04 
-3.10000000e+00 -2.60013312e-04 
-3.12000000e+00 -2.60157785e-04 
-3.14000000e+00 -2.60302258e-04 
-3.16000000e+00 -2.60446731e-04 
-3.18000000e+00 -2.60591204e-04 
-3.20000000e+00 -2.60735677e-04 
-3.22000000e+00 -2.60880150e-04 
-3.24000000e+00 -2.61024623e-04 
-3.26000000e+00 -2.61169096e-04 
-3.28000000e+00 -2.61313569e-04 
-3.30000000e+00 -2.61458042e-04 
-3.32000000e+00 -2.61602515e-04 
-3.34000000e+00 -2.61746988e-04 
-3.36000000e+00 -2.61891461e-04 
-3.38000000e+00 -2.62035934e-04 
-3.40000000e+00 -2.62180407e-04 
-3.42000000e+00 -2.62324880e-04 
-3.44000000e+00 -2.62469353e-04 
-3.46000000e+00 -2.62613826e-04 
-3.48000000e+00 -2.62758299e-04 
-3.50000000e+00 -2.62902772e-04 
-3.52000000e+00 -2.63047244e-04 
-3.54000000e+00 -2.63191717e-04 
-3.56000000e+00 -2.63336190e-04 
-3.58000000e+00 -2.63480663e-04 
-3.60000000e+00 -2.63625136e-04 
-3.62000000e+00 -2.63769609e-04 
-3.64000000e+00 -2.63914082e-04 
-3.66000000e+00 -2.64058555e-04 
-3.68000000e+00 -2.64203028e-04 
-3.70000000e+00 -2.64347501e-04 
-3.72000000e+00 -2.64491974e-04 
-3.74000000e+00 -2.64636447e-04 
-3.76000000e+00 -2.64780920e-04 
-3.78000000e+00 -2.64925393e-04 
-3.80000000e+00 -2.65069866e-04 
-3.82000000e+00 -2.65214339e-04 
-3.84000000e+00 -2.65358812e-04 
-3.86000000e+00 -2.65503285e-04 
-3.88000000e+00 -2.65647758e-04 
-3.90000000e+00 -2.65792231e-04 
-3.92000000e+00 -2.65936704e-04 
-3.94000000e+00 -2.66081177e-04 
-3.96000000e+00 -2.66225650e-04 
-3.98000000e+00 -2.66370123e-04 
-4.00000000e+00 -2.66514596e-04 
-4.02000000e+00 -2.66659069e-04 
-4.04000000e+00 -2.66803542e-04 
-4.06000000e+00 -2.66948015e-04 
-4.08000000e+00 -2.67092488e-04 
-4.10000000e+00 -2.67236961e-04 
-4.12000000e+00 -2.67381434e-04 
-4.14000000e+00 -2.67525907e-04 
-4.16000000e+00 -2.67670380e-04 
-4.18000000e+00 -2.67814853e-04 
-4.20000000e+00 -2.67959326e-04 
-4.22000000e+00 -2.68103799e-04 
-4.24000000e+00 -2.68248272e-04 
-4.26000000e+00 -2.68392745e-04 
-4.28000000e+00 -2.68537218e-04 
-4.30000000e+00 -2.68681691e-04 
-4.32000000e+00 -2.68826164e-04 
-4.34000000e+00 -2.68970637e-04 
-4.36000000e+00 -2.69115110e-04 
-4.38000000e+00 -2.69259583e-04 
-4.40000000e+00 -2.69404056e-04 
-4.42000000e+00 -2.69548529e-04 
-4.44000000e+00 -2.69693002e-04 
-4.46000000e+00 -2.69837475e-04 
-4.48000000e+00 -2.69981948e-04 
-4.50000000e+00 -2.70126421e-04 
-4.52000000e+00 -2.70270893e-04 
-4.54000000e+00 -2.70415366e-04 
-4.56000000e+00 -2.70559839e-04 
-4.58000000e+00 -2.70704312e-04 
-4.60000000e+00 -2.70848785e-04 
-4.62000000e+00 -2.70993258e-04 
-4.64000000e+00 -2.71137731e-04 
-4.66000000e+00 -2.71282204e-04 
-4.68000000e+00 -2.71426677e-04 
-4.70000000e+00 -2.71571150e-04 
-4.72000000e+00 -2.71715623e-04 
-4.74000000e+00 -2.71860096e-04 
-4.76000000e+00 -2.72004569e-04 
-4.78000000e+00 -2.72149042e-04 
-4.80000000e+00 -2.72293515e-04 
-4.82000000e+00 -2.72437988e-04 
-4.84000000e+00 -2.72582461e-04 
-4.86000000e+00 -2.72726934e-04 
-4.88000000e+00 -2.72871407e-04 
-4.90000000e+00 -2.73015880e-04 
-4.92000000e+00 -2.73160353e-04 
-4.94000000e+00 -2.73304826e-04 
-4.96000000e+00 -2.73449299e-04 
-4.98000000e+00 -2.73593772e-04 
-5.00000000e+00 -2.73738245e-04 
