0.00000000e+00 -0.00000000e+00 
-2.00000000e-02 -3.34203075e-06 
-4.00000000e-02 -6.64807429e-06 
-6.00000000e-02 -9.91805767e-06 
-8.00000000e-02 -1.31519079e-05 
-1.00000000e-01 -1.63495521e-05 
-1.20000000e-01 -1.95109173e-05 
-1.40000000e-01 -2.26359304e-05 
-1.60000000e-01 -2.57245186e-05 
-1.80000000e-01 -2.87766088e-05 
-2.00000000e-01 -3.17921282e-05 
-2.20000000e-01 -3.47710038e-05 
-2.40000000e-01 -3.77131625e-05 
-2.60000000e-01 -4.06185315e-05 
-2.80000000e-01 -4.34870377e-05 
-3.00000000e-01 -4.63186083e-05 
-3.20000000e-01 -4.91131702e-05 
-3.40000000e-01 -5.18706506e-05 
-3.60000000e-01 -5.45909764e-05 
-3.80000000e-01 -5.72740746e-05 
-4.00000000e-01 -5.99198724e-05 
-4.20000000e-01 -6.25282968e-05 
-4.40000000e-01 -6.50992747e-05 
-4.60000000e-01 -6.76327333e-05 
-4.80000000e-01 -7.01285995e-05 
-5.00000000e-01 -7.25868005e-05 
-5.20000000e-01 -7.50072633e-05 
-5.40000000e-01 -7.73899148e-05 
-5.60000000e-01 -7.97346822e-05 
-5.80000000e-01 -8.20414924e-05 
-6.00000000e-01 -8.43102726e-05 
-6.20000000e-01 -8.65409498e-05 
-6.40000000e-01 -8.87334509e-05 
-6.60000000e-01 -9.08877031e-05 
-6.80000000e-01 -9.30036333e-05 
-7.00000000e-01 -9.50811687e-05 
-7.20000000e-01 -9.71202363e-05 
-7.40000000e-01 -9.91207630e-05 
-7.60000000e-01 -1.01082676e-04 
-7.80000000e-01 -1.03005902e-04 
-8.00000000e-01 -1.04890369e-04 
-8.20000000e-01 -1.06736003e-04 
-8.40000000e-01 -1.08542731e-04 
-8.60000000e-01 -1.10310481e-04 
-8.80000000e-01 -1.12039179e-04 
-9.00000000e-01 -1.13728753e-04 
-9.20000000e-01 -1.15379129e-04 
-9.40000000e-01 -1.16990235e-04 
-9.60000000e-01 -1.18561998e-04 
-9.80000000e-01 -1.20094344e-04 
-1.00000000e+00 -1.21587201e-04 
-1.02000000e+00 -1.23040496e-04 
-1.04000000e+00 -1.24454155e-04 
-1.06000000e+00 -1.25828107e-04 
-1.08000000e+00 -1.27162277e-04 
-1.10000000e+00 -1.28456593e-04 
-1.12000000e+00 -1.29710982e-04 
-1.14000000e+00 -1.30925371e-04 
-1.16000000e+00 -1.32099688e-04 
-1.18000000e+00 -1.33233858e-04 
-1.20000000e+00 -1.34327809e-04 
-1.22000000e+00 -1.35381469e-04 
-1.24000000e+00 -1.36394763e-04 
-1.26000000e+00 -1.37367620e-04 
-1.28000000e+00 -1.38299967e-04 
-1.30000000e+00 -1.39191729e-04 
-1.32000000e+00 -1.40042835e-04 
-1.34000000e+00 -1.40853212e-04 
-1.36000000e+00 -1.41622785e-04 
-1.38000000e+00 -1.42351484e-04 
-1.40000000e+00 -1.43039233e-04 
-1.42000000e+00 -1.43685962e-04 
-1.44000000e+00 -1.44291596e-04 
-1.46000000e+00 -1.44856062e-04 
-1.48000000e+00 -1.45379289e-04 
-1.50000000e+00 -1.45861202e-04 
-1.52000000e+00 -1.46301728e-04 
-1.54000000e+00 -1.46700796e-04 
-1.56000000e+00 -1.47058331e-04 
-1.58000000e+00 -1.47374261e-04 
-1.60000000e+00 -1.47648514e-04 
-1.62000000e+00 -1.47881015e-04 
-1.64000000e+00 -1.48071692e-04 
-1.66000000e+00 -1.48220472e-04 
-1.68000000e+00 -1.48327282e-04 
-1.70000000e+00 -1.48413083e-04 
-1.72000000e+00 -1.48498884e-04 
-1.74000000e+00 -1.48584685e-04 
-1.76000000e+00 -1.48670486e-04 
-1.78000000e+00 -1.48756287e-04 
-1.80000000e+00 -1.48842088e-04 
-1.82000000e+00 -1.48927889e-04 
-1.84000000e+00 -1.49013690e-04 
-1.86000000e+00 -1.49099491e-04 
-1.88000000e+00 -1.49185292e-04 
-1.90000000e+00 -1.49271093e-04 
-1.92000000e+00 -1.49356894e-04 
-1.94000000e+00 -1.49442695e-04 
-1.96000000e+00 -1.49528496e-04 
-1.98000000e+00 -1.49614297e-04 
-2.00000000e+00 -1.49700098e-04 
-2.02000000e+00 -1.49785899e-04 
-2.04000000e+00 -1.49871700e-04 
-2.06000000e+00 -1.49957501e-04 
-2.08000000e+00 -1.50043302e-04 
-2.10000000e+00 -1.50129103e-04 
-2.12000000e+00 -1.50214904e-04 
-2.14000000e+00 -1.50300705e-04 
-2.16000000e+00 -1.50386506e-04 
-2.18000000e+00 -1.50472307e-04 
-2.20000000e+00 -1.50558108e-04 
-2.22000000e+00 -1.50643909e-04 
-2.24000000e+00 -1.50729710e-04 
-2.26000000e+00 -1.50815511e-04 
-2.28000000e+00 -1.50901312e-04 
-2.30000000e+00 -1.50987113e-04 
-2.32000000e+00 -1.51072914e-04 
-2.34000000e+00 -1.51158715e-04 
-2.36000000e+00 -1.51244516e-04 
-2.38000000e+00 -1.51330317e-04 
-2.40000000e+00 -1.51416118e-04 
-2.42000000e+00 -1.51501919e-04 
-2.44000000e+00 -1.51587720e-04 
-2.46000000e+00 -1.51673521e-04 
-2.48000000e+00 -1.51759322e-04 
-2.50000000e+00 -1.51845123e-04 
-2.52000000e+00 -1.51930923e-04 
-2.54000000e+00 -1.52016724e-04 
-2.56000000e+00 -1.52102525e-04 
-2.58000000e+00 -1.52188326e-04 
-2.60000000e+00 -1.52274127e-04 
-2.62000000e+00 -1.52359928e-04 
-2.64000000e+00 -1.52445729e-04 
-2.66000000e+00 -1.52531530e-04 
-2.68000000e+00 -1.52617331e-04 
-2.70000000e+00 -1.52703132e-04 
-2.72000000e+00 -1.52788933e-04 
-2.74000000e+00 -1.52874734e-04 
-2.76000000e+00 -1.52960535e-04 
-2.78000000e+00 -1.53046336e-04 
-2.80000000e+00 -1.53132137e-04 
-2.82000000e+00 -1.53217938e-04 
-2.84000000e+00 -1.53303739e-04 
-2.86000000e+00 -1.53389540e-04 
-2.88000000e+00 -1.53475341e-04 
-2.90000000e+00 -1.53561142e-04 
-2.92000000e+00 -1.53646943e-04 
-2.94000000e+00 -1.53732744e-04 
-2.96000000e+00 -1.53818545e-04 
-2.98000000e+00 -1.53904346e-04 
-3.00000000e+00 -1.53990147e-04 
-3.02000000e+00 -1.54075948e-04 
-3.04000000e+00 -1.54161749e-04 
-3.06000000e+00 -1.54247550e-04 
-3.08000000e+00 -1.54333351e-04 
-3.10000000e+00 -1.54419152e-04 
-3.12000000e+00 -1.54504953e-04 
-3.14000000e+00 -1.54590754e-04 
-3.16000000e+00 -1.54676555e-04 
-3.18000000e+00 -1.54762356e-04 
-3.20000000e+00 -1.54848157e-04 
-3.22000000e+00 -1.54933958e-04 
-3.24000000e+00 -1.55019759e-04 
-3.26000000e+00 -1.55105560e-04 
-3.28000000e+00 -1.55191361e-04 
-3.30000000e+00 -1.55277162e-04 
-3.32000000e+00 -1.55362963e-04 
-3.34000000e+00 -1.55448764e-04 
-3.36000000e+00 -1.55534565e-04 
-3.38000000e+00 -1.55620366e-04 
-3.40000000e+00 -1.55706167e-04 
-3.42000000e+00 -1.55791968e-04 
-3.44000000e+00 -1.55877769e-04 
-3.46000000e+00 -1.55963570e-04 
-3.48000000e+00 -1.56049371e-04 
-3.50000000e+00 -1.56135172e-04 
-3.52000000e+00 -1.56220972e-04 
-3.54000000e+00 -1.56306773e-04 
-3.56000000e+00 -1.56392574e-04 
-3.58000000e+00 -1.56478375e-04 
-3.60000000e+00 -1.56564176e-04 
-3.62000000e+00 -1.56649977e-04 
-3.64000000e+00 -1.56735778e-04 
-3.66000000e+00 -1.56821579e-04 
-3.68000000e+00 -1.56907380e-04 
-3.70000000e+00 -1.56993181e-04 
-3.72000000e+00 -1.57078982e-04 
-3.74000000e+00 -1.57164783e-04 
-3.76000000e+00 -1.57250584e-04 
-3.78000000e+00 -1.57336385e-04 
-3.80000000e+00 -1.57422186e-04 
-3.82000000e+00 -1.57507987e-04 
-3.84000000e+00 -1.57593788e-04 
-3.86000000e+00 -1.57679589e-04 
-3.88000000e+00 -1.57765390e-04 
-3.90000000e+00 -1.57851191e-04 
-3.92000000e+00 -1.57936992e-04 
-3.94000000e+00 -1.58022793e-04 
-3.96000000e+00 -1.58108594e-04 
-3.98000000e+00 -1.58194395e-04 
-4.00000000e+00 -1.58280196e-04 
-4.02000000e+00 -1.58365997e-04 
-4.04000000e+00 -1.58451798e-04 
-4.06000000e+00 -1.58537599e-04 
-4.08000000e+00 -1.58623400e-04 
-4.10000000e+00 -1.58709201e-04 
-4.12000000e+00 -1.58795002e-04 
-4.14000000e+00 -1.58880803e-04 
-4.16000000e+00 -1.58966604e-04 
-4.18000000e+00 -1.59052405e-04 
-4.20000000e+00 -1.59138206e-04 
-4.22000000e+00 -1.59224007e-04 
-4.24000000e+00 -1.59309808e-04 
-4.26000000e+00 -1.59395609e-04 
-4.28000000e+00 -1.59481410e-04 
-4.30000000e+00 -1.59567211e-04 
-4.32000000e+00 -1.59653012e-04 
-4.34000000e+00 -1.59738813e-04 
-4.36000000e+00 -1.59824614e-04 
-4.38000000e+00 -1.59910415e-04 
-4.40000000e+00 -1.59996216e-04 
-4.42000000e+00 -1.60082017e-04 
-4.44000000e+00 -1.60167818e-04 
-4.46000000e+00 -1.60253619e-04 
-4.48000000e+00 -1.60339420e-04 
-4.50000000e+00 -1.60425221e-04 
-4.52000000e+00 -1.60511021e-04 
-4.54000000e+00 -1.60596822e-04 
-4.56000000e+00 -1.60682623e-04 
-4.58000000e+00 -1.60768424e-04 
-4.60000000e+00 -1.60854225e-04 
-4.62000000e+00 -1.60940026e-04 
-4.64000000e+00 -1.61025827e-04 
-4.66000000e+00 -1.61111628e-04 
-4.68000000e+00 -1.61197429e-04 
-4.70000000e+00 -1.61283230e-04 
-4.72000000e+00 -1.61369031e-04 
-4.74000000e+00 -1.61454832e-04 
-4.76000000e+00 -1.61540633e-04 
-4.78000000e+00 -1.61626434e-04 
-4.80000000e+00 -1.61712235e-04 
-4.82000000e+00 -1.61798036e-04 
-4.84000000e+00 -1.61883837e-04 
-4.86000000e+00 -1.61969638e-04 
-4.88000000e+00 -1.62055439e-04 
-4.90000000e+00 -1.62141240e-04 
-4.92000000e+00 -1.62227041e-04 
-4.94000000e+00 -1.62312842e-04 
-4.96000000e+00 -1.62398643e-04 
-4.98000000e+00 -1.62484444e-04 
-5.00000000e+00 -1.62570245e-04 
