0.00000000e+00 -0.00000000e+00 
-2.00000000e-02 -2.34142275e-06 
-4.00000000e-02 -4.64564229e-06 
-6.00000000e-02 -6.91258567e-06 
-8.00000000e-02 -9.14217993e-06 
-1.00000000e-01 -1.13343521e-05 
-1.20000000e-01 -1.34890292e-05 
-1.40000000e-01 -1.56061384e-05 
-1.60000000e-01 -1.76856066e-05 
-1.80000000e-01 -1.97273608e-05 
-2.00000000e-01 -2.17313282e-05 
-2.20000000e-01 -2.36974357e-05 
-2.40000000e-01 -2.56256105e-05 
-2.60000000e-01 -2.75157795e-05 
-2.80000000e-01 -2.93678697e-05 
-3.00000000e-01 -3.11818083e-05 
-3.20000000e-01 -3.29575223e-05 
-3.40000000e-01 -3.46949386e-05 
-3.60000000e-01 -3.63939844e-05 
-3.80000000e-01 -3.80545866e-05 
-4.00000000e-01 -3.96766724e-05 
-4.20000000e-01 -4.12601688e-05 
-4.40000000e-01 -4.28050027e-05 
-4.60000000e-01 -4.43111013e-05 
-4.80000000e-01 -4.57783915e-05 
-5.00000000e-01 -4.72068005e-05 
-5.20000000e-01 -4.85962553e-05 
-5.40000000e-01 -4.99466828e-05 
-5.60000000e-01 -5.12580102e-05 
-5.80000000e-01 -5.25301644e-05 
-6.00000000e-01 -5.37630726e-05 
-6.20000000e-01 -5.49566618e-05 
-6.40000000e-01 -5.61108589e-05 
-6.60000000e-01 -5.72255911e-05 
-6.80000000e-01 -5.83007853e-05 
-7.00000000e-01 -5.93363687e-05 
-7.20000000e-01 -6.03322682e-05 
-7.40000000e-01 -6.12884110e-05 
-7.60000000e-01 -6.22047240e-05 
-7.80000000e-01 -6.30811342e-05 
-8.00000000e-01 -6.39175688e-05 
-8.20000000e-01 -6.47139548e-05 
-8.40000000e-01 -6.54702191e-05 
-8.60000000e-01 -6.61862889e-05 
-8.80000000e-01 -6.68620911e-05 
-9.00000000e-01 -6.74975529e-05 
-9.20000000e-01 -6.80926013e-05 
-9.40000000e-01 -6.86471632e-05 
-9.60000000e-01 -6.91611658e-05 
-9.80000000e-01 -6.96345360e-05 
-1.00000000e+00 -7.00672010e-05 
-1.02000000e+00 -7.04590878e-05 
-1.04000000e+00 -7.08101233e-05 
-1.06000000e+00 -7.11202347e-05 
-1.08000000e+00 -7.13893489e-05 
-1.10000000e+00 -7.16173931e-05 
-1.12000000e+00 -7.18042942e-05 
-1.14000000e+00 -7.19499794e-05 
-1.16000000e+00 -7.20543756e-05 
-1.18000000e+00 -7.21174098e-05 
-1.20000000e+00 -7.21597388e-05 
-1.22000000e+00 -7.22020678e-05 
-1.24000000e+00 -7.22443968e-05 
-1.26000000e+00 -7.22867258e-05 
-1.28000000e+00 -7.23290547e-05 
-1.30000000e+00 -7.23713837e-05 
-1.32000000e+00 -7.24137127e-05 
-1.34000000e+00 -7.24560417e-05 
-1.36000000e+00 -7.24983706e-05 
-1.38000000e+00 -7.25406996e-05 
-1.40000000e+00 -7.25830286e-05 
-1.42000000e+00 -7.26253576e-05 
-1.44000000e+00 -7.26676866e-05 
-1.46000000e+00 -7.27100156e-05 
-1.48000000e+00 -7.27523445e-05 
-1.50000000e+00 -7.27946735e-05 
-1.52000000e+00 -7.28370025e-05 
-1.54000000e+00 -7.28793315e-05 
-1.56000000e+00 -7.29216605e-05 
-1.58000000e+00 -7.29639894e-05 
-1.60000000e+00 -7.30063184e-05 
-1.62000000e+00 -7.30486474e-05 
-1.64000000e+00 -7.30909764e-05 
-1.66000000e+00 -7.31333054e-05 
-1.68000000e+00 -7.31756343e-05 
-1.70000000e+00 -7.32179633e-05 
-1.72000000e+00 -7.32602923e-05 
-1.74000000e+00 -7.33026213e-05 
-1.76000000e+00 -7.33449503e-05 
-1.78000000e+00 -7.33872792e-05 
-1.80000000e+00 -7.34296082e-05 
-1.82000000e+00 -7.34719372e-05 
-1.84000000e+00 -7.35142662e-05 
-1.86000000e+00 -7.35565952e-05 
-1.88000000e+00 -7.35989241e-05 
-1.90000000e+00 -7.36412531e-05 
-1.92000000e+00 -7.36835821e-05 
-1.94000000e+00 -7.37259111e-05 
-1.96000000e+00 -7.37682401e-05 
-1.98000000e+00 -7.38105690e-05 
-2.00000000e+00 -7.38528980e-05 
-2.02000000e+00 -7.38952270e-05 
-2.04000000e+00 -7.39375560e-05 
-2.06000000e+00 -7.39798850e-05 
-2.08000000e+00 -7.40222139e-05 
-2.10000000e+00 -7.40645429e-05 
-2.12000000e+00 -7.41068719e-05 
-2.14000000e+00 -7.41492009e-05 
-2.16000000e+00 -7.41915298e-05 
-2.18000000e+00 -7.42338588e-05 
-2.20000000e+00 -7.42761878e-05 
-2.22000000e+00 -7.43185168e-05 
-2.24000000e+00 -7.43608458e-05 
-2.26000000e+00 -7.44031748e-05 
-2.28000000e+00 -7.44455037e-05 
-2.30000000e+00 -7.44878327e-05 
-2.32000000e+00 -7.45301617e-05 
-2.34000000e+00 -7.45724907e-05 
-2.36000000e+00 -7.46148196e-05 
-2.38000000e+00 -7.46571486e-05 
-2.40000000e+00 -7.46994776e-05 
-2.42000000e+00 -7.47418066e-05 
-2.44000000e+00 -7.47841356e-05 
-2.46000000e+00 -7.48264646e-05 
-2.48000000e+00 -7.48687935e-05 
-2.50000000e+00 -7.49111225e-05 
-2.52000000e+00 -7.49534515e-05 
-2.54000000e+00 -7.49957805e-05 
-2.56000000e+00 -7.50381095e-05 
-2.58000000e+00 -7.50804384e-05 
-2.60000000e+00 -7.51227674e-05 
-2.62000000e+00 -7.51650964e-05 
-2.64000000e+00 -7.52074254e-05 
-2.66000000e+00 -7.52497544e-05 
-2.68000000e+00 -7.52920833e-05 
-2.70000000e+00 -7.53344123e-05 
-2.72000000e+00 -7.53767413e-05 
-2.74000000e+00 -7.54190703e-05 
-2.76000000e+00 -7.54613992e-05 
-2.78000000e+00 -7.55037282e-05 
-2.80000000e+00 -7.55460572e-05 
-2.82000000e+00 -7.55883862e-05 
-2.84000000e+00 -7.56307152e-05 
-2.86000000e+00 -7.56730442e-05 
-2.88000000e+00 -7.57153731e-05 
-2.90000000e+00 -7.57577021e-05 
-2.92000000e+00 -7.58000311e-05 
-2.94000000e+00 -7.58423601e-05 
-2.96000000e+00 -7.58846891e-05 
-2.98000000e+00 -7.59270180e-05 
-3.00000000e+00 -7.59693470e-05 
-3.02000000e+00 -7.60116760e-05 
-3.04000000e+00 -7.60540050e-05 
-3.06000000e+00 -7.60963339e-05 
-3.08000000e+00 -7.61386629e-05 
-3.10000000e+00 -7.61809919e-05 
-3.12000000e+00 -7.62233209e-05 
-3.14000000e+00 -7.62656499e-05 
-3.16000000e+00 -7.63079789e-05 
-3.18000000e+00 -7.63503078e-05 
-3.20000000e+00 -7.63926368e-05 
-3.22000000e+00 -7.64349658e-05 
-3.24000000e+00 -7.64772948e-05 
-3.26000000e+00 -7.65196238e-05 
-3.28000000e+00 -7.65619527e-05 
-3.30000000e+00 -7.66042817e-05 
-3.32000000e+00 -7.66466107e-05 
-3.34000000e+00 -7.66889397e-05 
-3.36000000e+00 -7.67312687e-05 
-3.38000000e+00 -7.67735976e-05 
-3.40000000e+00 -7.68159266e-05 
-3.42000000e+00 -7.68582556e-05 
-3.44000000e+00 -7.69005846e-05 
-3.46000000e+00 -7.69429136e-05 
-3.48000000e+00 -7.69852425e-05 
-3.50000000e+00 -7.70275715e-05 
-3.52000000e+00 -7.70699005e-05 
-3.54000000e+00 -7.71122295e-05 
-3.56000000e+00 -7.71545585e-05 
-3.58000000e+00 -7.71968874e-05 
-3.60000000e+00 -7.72392164e-05 
-3.62000000e+00 -7.72815454e-05 
-3.64000000e+00 -7.73238744e-05 
-3.66000000e+00 -7.73662033e-05 
-3.68000000e+00 -7.74085323e-05 
-3.70000000e+00 -7.74508613e-05 
-3.72000000e+00 -7.74931903e-05 
-3.74000000e+00 -7.75355193e-05 
-3.76000000e+00 -7.75778483e-05 
-3.78000000e+00 -7.76201772e-05 
-3.80000000e+00 -7.76625062e-05 
-3.82000000e+00 -7.77048352e-05 
-3.84000000e+00 -7.77471642e-05 
-3.86000000e+00 -7.77894932e-05 
-3.88000000e+00 -7.78318221e-05 
-3.90000000e+00 -7.78741511e-05 
-3.92000000e+00 -7.79164801e-05 
-3.94000000e+00 -7.79588091e-05 
-3.96000000e+00 -7.80011381e-05 
-3.98000000e+00 -7.80434670e-05 
-4.00000000e+00 -7.80857960e-05 
-4.02000000e+00 -7.81281250e-05 
-4.04000000e+00 -7.81704540e-05 
-4.06000000e+00 -7.82127830e-05 
-4.08000000e+00 -7.82551119e-05 
-4.10000000e+00 -7.82974409e-05 
-4.12000000e+00 -7.83397699e-05 
-4.14000000e+00 -7.83820989e-05 
-4.16000000e+00 -7.84244278e-05 
-4.18000000e+00 -7.84667568e-05 
-4.20000000e+00 -7.85090858e-05 
-4.22000000e+00 -7.85514148e-05 
-4.24000000e+00 -7.85937438e-05 
-4.26000000e+00 -7.86360727e-05 
-4.28000000e+00 -7.86784017e-05 
-4.30000000e+00 -7.87207307e-05 
-4.32000000e+00 -7.87630597e-05 
-4.34000000e+00 -7.88053887e-05 
-4.36000000e+00 -7.88477176e-05 
-4.38000000e+00 -7.88900466e-05 
-4.40000000e+00 -7.89323756e-05 
-4.42000000e+00 -7.89747046e-05 
-4.44000000e+00 -7.90170336e-05 
-4.46000000e+00 -7.90593625e-05 
-4.48000000e+00 -7.91016915e-05 
-4.50000000e+00 -7.91440205e-05 
-4.52000000e+00 -7.91863495e-05 
-4.54000000e+00 -7.92286785e-05 
-4.56000000e+00 -7.92710074e-05 
-4.58000000e+00 -7.93133364e-05 
-4.60000000e+00 -7.93556654e-05 
-4.62000000e+00 -7.93979944e-05 
-4.64000000e+00 -7.94403234e-05 
-4.66000000e+00 -7.94826523e-05 
-4.68000000e+00 -7.95249813e-05 
-4.70000000e+00 -7.95673103e-05 
-4.72000000e+00 -7.96096393e-05 
-4.74000000e+00 -7.96519683e-05 
-4.76000000e+00 -7.96942972e-05 
-4.78000000e+00 -7.97366262e-05 
-4.80000000e+00 -7.97789552e-05 
-4.82000000e+00 -7.98212842e-05 
-4.84000000e+00 -7.98636132e-05 
-4.86000000e+00 -7.99059421e-05 
-4.88000000e+00 -7.99482711e-05 
-4.90000000e+00 -7.99906001e-05 
-4.92000000e+00 -8.00329291e-05 
-4.94000000e+00 -8.00752581e-05 
-4.96000000e+00 -8.01175870e-05 
-4.98000000e+00 -8.01599160e-05 
-5.00000000e+00 -8.02022450e-05 
