 0.00000000e+00 -0.00000000e+00 
-2.00000000e-02 -1.34081475e-06 
-4.00000000e-02 -2.64321029e-06 
-6.00000000e-02 -3.90711367e-06 
-8.00000000e-02 -5.13245193e-06 
-1.00000000e-01 -6.31915211e-06 
-1.20000000e-01 -7.46714125e-06 
-1.40000000e-01 -8.57634639e-06 
-1.60000000e-01 -9.64669457e-06 
-1.80000000e-01 -1.06781128e-05 
-2.00000000e-01 -1.16705282e-05 
-2.20000000e-01 -1.26238678e-05 
-2.40000000e-01 -1.35380585e-05 
-2.60000000e-01 -1.44130275e-05 
-2.80000000e-01 -1.52487017e-05 
-3.00000000e-01 -1.60450083e-05 
-3.20000000e-01 -1.68018743e-05 
-3.40000000e-01 -1.75192266e-05 
-3.60000000e-01 -1.81969924e-05 
-3.80000000e-01 -1.88350986e-05 
-4.00000000e-01 -1.94334724e-05 
-4.20000000e-01 -1.99920408e-05 
-4.40000000e-01 -2.05107307e-05 
-4.60000000e-01 -2.09894693e-05 
-4.80000000e-01 -2.14281835e-05 
-5.00000000e-01 -2.18268005e-05 
-5.20000000e-01 -2.21852472e-05 
-5.40000000e-01 -2.25034508e-05 
-5.60000000e-01 -2.27813382e-05 
-5.80000000e-01 -2.30188364e-05 
-6.00000000e-01 -2.32158726e-05 
-6.20000000e-01 -2.33723737e-05 
-6.40000000e-01 -2.34882669e-05 
-6.60000000e-01 -2.35634791e-05 
-6.80000000e-01 -2.35979373e-05 
-7.00000000e-01 -2.36119943e-05 
-7.20000000e-01 -2.36260513e-05 
-7.40000000e-01 -2.36401083e-05 
-7.60000000e-01 -2.36541652e-05 
-7.80000000e-01 -2.36682222e-05 
-8.00000000e-01 -2.36822792e-05 
-8.20000000e-01 -2.36963362e-05 
-8.40000000e-01 -2.37103932e-05 
-8.60000000e-01 -2.37244502e-05 
-8.80000000e-01 -2.37385071e-05 
-9.00000000e-01 -2.37525641e-05 
-9.20000000e-01 -2.37666211e-05 
-9.40000000e-01 -2.37806781e-05 
-9.60000000e-01 -2.37947350e-05 
-9.80000000e-01 -2.38087920e-05 
-1.00000000e+00 -2.38228490e-05 
-1.02000000e+00 -2.38369060e-05 
-1.04000000e+00 -2.38509630e-05 
-1.06000000e+00 -2.38650199e-05 
-1.08000000e+00 -2.38790769e-05 
-1.10000000e+00 -2.38931339e-05 
-1.12000000e+00 -2.39071909e-05 
-1.14000000e+00 -2.39212479e-05 
-1.16000000e+00 -2.39353048e-05 
-1.18000000e+00 -2.39493618e-05 
-1.20000000e+00 -2.39634188e-05 
-1.22000000e+00 -2.39774758e-05 
-1.24000000e+00 -2.39915328e-05 
-1.26000000e+00 -2.40055897e-05 
-1.28000000e+00 -2.40196467e-05 
-1.30000000e+00 -2.40337037e-05 
-1.32000000e+00 -2.40477607e-05 
-1.34000000e+00 -2.40618177e-05 
-1.36000000e+00 -2.40758746e-05 
-1.38000000e+00 -2.40899316e-05 
-1.40000000e+00 -2.41039886e-05 
-1.42000000e+00 -2.41180456e-05 
-1.44000000e+00 -2.41321026e-05 
-1.46000000e+00 -2.41461595e-05 
-1.48000000e+00 -2.41602165e-05 
-1.50000000e+00 -2.41742735e-05 
-1.52000000e+00 -2.41883305e-05 
-1.54000000e+00 -2.42023875e-05 
-1.56000000e+00 -2.42164445e-05 
-1.58000000e+00 -2.42305014e-05 
-1.60000000e+00 -2.42445584e-05 
-1.62000000e+00 -2.42586154e-05 
-1.64000000e+00 -2.42726724e-05 
-1.66000000e+00 -2.42867293e-05 
-1.68000000e+00 -2.43007863e-05 
-1.70000000e+00 -2.43148433e-05 
-1.72000000e+00 -2.43289003e-05 
-1.74000000e+00 -2.43429573e-05 
-1.76000000e+00 -2.43570142e-05 
-1.78000000e+00 -2.43710712e-05 
-1.80000000e+00 -2.43851282e-05 
-1.82000000e+00 -2.43991852e-05 
-1.84000000e+00 -2.44132422e-05 
-1.86000000e+00 -2.44272992e-05 
-1.88000000e+00 -2.44413561e-05 
-1.90000000e+00 -2.44554131e-05 
-1.92000000e+00 -2.44694701e-05 
-1.94000000e+00 -2.44835271e-05 
-1.96000000e+00 -2.44975840e-05 
-1.98000000e+00 -2.45116410e-05 
-2.00000000e+00 -2.45256980e-05 
-2.02000000e+00 -2.45397550e-05 
-2.04000000e+00 -2.45538120e-05 
-2.06000000e+00 -2.45678689e-05 
-2.08000000e+00 -2.45819259e-05 
-2.10000000e+00 -2.45959829e-05 
-2.12000000e+00 -2.46100399e-05 
-2.14000000e+00 -2.46240969e-05 
-2.16000000e+00 -2.46381538e-05 
-2.18000000e+00 -2.46522108e-05 
-2.20000000e+00 -2.46662678e-05 
-2.22000000e+00 -2.46803248e-05 
-2.24000000e+00 -2.46943818e-05 
-2.26000000e+00 -2.47084387e-05 
-2.28000000e+00 -2.47224957e-05 
-2.30000000e+00 -2.47365527e-05 
-2.32000000e+00 -2.47506097e-05 
-2.34000000e+00 -2.47646667e-05 
-2.36000000e+00 -2.47787236e-05 
-2.38000000e+00 -2.47927806e-05 
-2.40000000e+00 -2.48068376e-05 
-2.42000000e+00 -2.48208946e-05 
-2.44000000e+00 -2.48349516e-05 
-2.46000000e+00 -2.48490085e-05 
-2.48000000e+00 -2.48630655e-05 
-2.50000000e+00 -2.48771225e-05 
-2.52000000e+00 -2.48911795e-05 
-2.54000000e+00 -2.49052365e-05 
-2.56000000e+00 -2.49192935e-05 
-2.58000000e+00 -2.49333504e-05 
-2.60000000e+00 -2.49474074e-05 
-2.62000000e+00 -2.49614644e-05 
-2.64000000e+00 -2.49755214e-05 
-2.66000000e+00 -2.49895783e-05 
-2.68000000e+00 -2.50036353e-05 
-2.70000000e+00 -2.50176923e-05 
-2.72000000e+00 -2.50317493e-05 
-2.74000000e+00 -2.50458063e-05 
-2.76000000e+00 -2.50598632e-05 
-2.78000000e+00 -2.50739202e-05 
-2.80000000e+00 -2.50879772e-05 
-2.82000000e+00 -2.51020342e-05 
-2.84000000e+00 -2.51160912e-05 
-2.86000000e+00 -2.51301482e-05 
-2.88000000e+00 -2.51442051e-05 
-2.90000000e+00 -2.51582621e-05 
-2.92000000e+00 -2.51723191e-05 
-2.94000000e+00 -2.51863761e-05 
-2.96000000e+00 -2.52004330e-05 
-2.98000000e+00 -2.52144900e-05 
-3.00000000e+00 -2.52285470e-05 
-3.02000000e+00 -2.52426040e-05 
-3.04000000e+00 -2.52566610e-05 
-3.06000000e+00 -2.52707179e-05 
-3.08000000e+00 -2.52847749e-05 
-3.10000000e+00 -2.52988319e-05 
-3.12000000e+00 -2.53128889e-05 
-3.14000000e+00 -2.53269459e-05 
-3.16000000e+00 -2.53410029e-05 
-3.18000000e+00 -2.53550598e-05 
-3.20000000e+00 -2.53691168e-05 
-3.22000000e+00 -2.53831738e-05 
-3.24000000e+00 -2.53972308e-05 
-3.26000000e+00 -2.54112877e-05 
-3.28000000e+00 -2.54253447e-05 
-3.30000000e+00 -2.54394017e-05 
-3.32000000e+00 -2.54534587e-05 
-3.34000000e+00 -2.54675157e-05 
-3.36000000e+00 -2.54815726e-05 
-3.38000000e+00 -2.54956296e-05 
-3.40000000e+00 -2.55096866e-05 
-3.42000000e+00 -2.55237436e-05 
-3.44000000e+00 -2.55378006e-05 
-3.46000000e+00 -2.55518575e-05 
-3.48000000e+00 -2.55659145e-05 
-3.50000000e+00 -2.55799715e-05 
-3.52000000e+00 -2.55940285e-05 
-3.54000000e+00 -2.56080855e-05 
-3.56000000e+00 -2.56221425e-05 
-3.58000000e+00 -2.56361994e-05 
-3.60000000e+00 -2.56502564e-05 
-3.62000000e+00 -2.56643134e-05 
-3.64000000e+00 -2.56783704e-05 
-3.66000000e+00 -2.56924273e-05 
-3.68000000e+00 -2.57064843e-05 
-3.70000000e+00 -2.57205413e-05 
-3.72000000e+00 -2.57345983e-05 
-3.74000000e+00 -2.57486553e-05 
-3.76000000e+00 -2.57627122e-05 
-3.78000000e+00 -2.57767692e-05 
-3.80000000e+00 -2.57908262e-05 
-3.82000000e+00 -2.58048832e-05 
-3.84000000e+00 -2.58189402e-05 
-3.86000000e+00 -2.58329972e-05 
-3.88000000e+00 -2.58470541e-05 
-3.90000000e+00 -2.58611111e-05 
-3.92000000e+00 -2.58751681e-05 
-3.94000000e+00 -2.58892251e-05 
-3.96000000e+00 -2.59032820e-05 
-3.98000000e+00 -2.59173390e-05 
-4.00000000e+00 -2.59313960e-05 
-4.02000000e+00 -2.59454530e-05 
-4.04000000e+00 -2.59595100e-05 
-4.06000000e+00 -2.59735669e-05 
-4.08000000e+00 -2.59876239e-05 
-4.10000000e+00 -2.60016809e-05 
-4.12000000e+00 -2.60157379e-05 
-4.14000000e+00 -2.60297949e-05 
-4.16000000e+00 -2.60438518e-05 
-4.18000000e+00 -2.60579088e-05 
-4.20000000e+00 -2.60719658e-05 
-4.22000000e+00 -2.60860228e-05 
-4.24000000e+00 -2.61000798e-05 
-4.26000000e+00 -2.61141367e-05 
-4.28000000e+00 -2.61281937e-05 
-4.30000000e+00 -2.61422507e-05 
-4.32000000e+00 -2.61563077e-05 
-4.34000000e+00 -2.61703647e-05 
-4.36000000e+00 -2.61844216e-05 
-4.38000000e+00 -2.61984786e-05 
-4.40000000e+00 -2.62125356e-05 
-4.42000000e+00 -2.62265926e-05 
-4.44000000e+00 -2.62406496e-05 
-4.46000000e+00 -2.62547065e-05 
-4.48000000e+00 -2.62687635e-05 
-4.50000000e+00 -2.62828205e-05 
-4.52000000e+00 -2.62968775e-05 
-4.54000000e+00 -2.63109345e-05 
-4.56000000e+00 -2.63249914e-05 
-4.58000000e+00 -2.63390484e-05 
-4.60000000e+00 -2.63531054e-05 
-4.62000000e+00 -2.63671624e-05 
-4.64000000e+00 -2.63812194e-05 
-4.66000000e+00 -2.63952763e-05 
-4.68000000e+00 -2.64093333e-05 
-4.70000000e+00 -2.64233903e-05 
-4.72000000e+00 -2.64374473e-05 
-4.74000000e+00 -2.64515043e-05 
-4.76000000e+00 -2.64655612e-05 
-4.78000000e+00 -2.64796182e-05 
-4.80000000e+00 -2.64936752e-05 
-4.82000000e+00 -2.65077322e-05 
-4.84000000e+00 -2.65217892e-05 
-4.86000000e+00 -2.65358461e-05 
-4.88000000e+00 -2.65499031e-05 
-4.90000000e+00 -2.65639601e-05 
-4.92000000e+00 -2.65780171e-05 
-4.94000000e+00 -2.65920741e-05 
-4.96000000e+00 -2.66061310e-05 
-4.98000000e+00 -2.66201880e-05 
-5.00000000e+00 -2.66342450e-05 
