 0.00000000e+00 -0.00000000e+00 
-2.00000000e-02 -1.34081475e-06 
-4.00000000e-02 -2.64321029e-06 
-6.00000000e-02 -3.90711367e-06 
-8.00000000e-02 -5.13245193e-06 
-1.00000000e-01 -6.31915211e-06 
-1.20000000e-01 -7.46714125e-06 
-1.40000000e-01 -8.57634639e-06 
-1.60000000e-01 -9.64669457e-06 
-1.80000000e-01 -1.06781128e-05 
-2.00000000e-01 -1.16705282e-05 
-2.20000000e-01 -1.26238678e-05 
-2.40000000e-01 -1.35380585e-05 
-2.60000000e-01 -1.44130275e-05 
-2.80000000e-01 -1.52487017e-05 
-3.00000000e-01 -1.60450083e-05 
-3.20000000e-01 -1.68018743e-05 
-3.40000000e-01 -1.75192266e-05 
-3.60000000e-01 -1.81969924e-05 
-3.80000000e-01 -1.88350986e-05 
-4.00000000e-01 -1.94334724e-05 
-4.20000000e-01 -1.99920408e-05 
-4.40000000e-01 -2.05107307e-05 
-4.60000000e-01 -2.09894693e-05 
-4.80000000e-01 -2.14281835e-05 
-5.00000000e-01 -2.18268005e-05 
-5.20000000e-01 -2.21852472e-05 
-5.40000000e-01 -2.25034508e-05 
-5.60000000e-01 -2.27813382e-05 
-5.80000000e-01 -2.30188364e-05 
-6.00000000e-01 -2.32158726e-05 
-6.20000000e-01 -2.33723737e-05 
-6.40000000e-01 -2.34882669e-05 
-6.60000000e-01 -2.35634791e-05 
-6.80000000e-01 -2.35979373e-05 
-7.00000000e-01 -2.36119943e-05 
-7.20000000e-01 -2.36260513e-05 
-7.40000000e-01 -2.36401083e-05 
-7.60000000e-01 -2.36541652e-05 
-7.80000000e-01 -2.36682222e-05 
-8.00000000e-01 -2.36822792e-05 
-8.20000000e-01 -2.36963362e-05 
-8.40000000e-01 -2.37103932e-05 
-8.60000000e-01 -2.37244502e-05 
-8.80000000e-01 -2.37385071e-05 
-9.00000000e-01 -2.37525641e-05 
-9.20000000e-01 -2.37666211e-05 
-9.40000000e-01 -2.37806781e-05 
-9.60000000e-01 -2.37947350e-05 
-9.80000000e-01 -2.38087920e-05 
-1.00000000e+00 -2.38228490e-05 
-1.02000000e+00 -2.38369060e-05 
-1.04000000e+00 -2.38509630e-05 
-1.06000000e+00 -2.38650199e-05 
-1.08000000e+00 -2.38790769e-05 
-1.10000000e+00 -2.38931339e-05 
-1.12000000e+00 -2.39071909e-05 
-1.14000000e+00 -2.39212479e-05 
-1.16000000e+00 -2.39353048e-05 
-1.18000000e+00 -2.39493618e-05 
-1.20000000e+00 -2.39634188e-05 
-1.22000000e+00 -2.39774758e-05 
-1.24000000e+00 -2.39915328e-05 
-1.26000000e+00 -2.40055897e-05 
-1.28000000e+00 -2.40196467e-05 
-1.30000000e+00 -2.40337037e-05 
-1.32000000e+00 -2.40477607e-05 
-1.34000000e+00 -2.40618177e-05 
-1.36000000e+00 -2.40758746e-05 
-1.38000000e+00 -2.40899316e-05 
-1.40000000e+00 -2.41039886e-05 
-1.42000000e+00 -2.41180456e-05 
-1.44000000e+00 -2.41321026e-05 
-1.46000000e+00 -2.41461595e-05 
-1.48000000e+00 -2.41602165e-05 
-1.50000000e+00 -2.41742735e-05 
-1.52000000e+00 -2.41883305e-05 
-1.54000000e+00 -2.42023875e-05 
-1.56000000e+00 -2.42164445e-05 
-1.58000000e+00 -2.42305014e-05 
-1.60000000e+00 -2.42445584e-05 
-1.62000000e+00 -2.42586154e-05 
-1.64000000e+00 -2.42726724e-05 
-1.66000000e+00 -2.42867293e-05 
-1.68000000e+00 -2.43007863e-05 
-1.70000000e+00 -2.43148433e-05 
-1.72000000e+00 -2.43289003e-05 
-1.74000000e+00 -2.43429573e-05 
-1.76000000e+00 -2.43570142e-05 
-1.78000000e+00 -2.43710712e-05 
-1.80000000e+00 -2.43851282e-05 
-1.82000000e+00 -2.43991852e-05 
-1.84000000e+00 -2.44132422e-05 
-1.86000000e+00 -2.44272992e-05 
-1.88000000e+00 -2.44413561e-05 
-1.90000000e+00 -2.44554131e-05 
-1.92000000e+00 -2.44694701e-05 
-1.94000000e+00 -2.44835271e-05 
-1.96000000e+00 -2.44975840e-05 
-1.98000000e+00 -2.45116410e-05 
-2.00000000e+00 -2.45256980e-05 
-2.02000000e+00 -2.45397550e-05 
-2.04000000e+00 -2.45538120e-05 
-2.06000000e+00 -2.45678689e-05 
-2.08000000e+00 -2.45819259e-05 
-2.10000000e+00 -2.45959829e-05 
-2.12000000e+00 -2.46100399e-05 
-2.14000000e+00 -2.46240969e-05 
-2.16000000e+00 -2.46381538e-05 
-2.18000000e+00 -2.46522108e-05 
-2.20000000e+00 -2.46662678e-05 
-2.22000000e+00 -2.46803248e-05 
-2.24000000e+00 -2.46943818e-05 
-2.26000000e+00 -2.47084387e-05 
-2.28000000e+00 -2.47224957e-05 
-2.30000000e+00 -2.47365527e-05 
-2.32000000e+00 -2.47506097e-05 
-2.34000000e+00 -2.47646667e-05 
-2.36000000e+00 -2.47787236e-05 
-2.38000000e+00 -2.47927806e-05 
-2.40000000e+00 -2.48068376e-05 
-2.42000000e+00 -2.48208946e-05 
-2.44000000e+00 -2.48349516e-05 
-2.46000000e+00 -2.48490085e-05 
-2.48000000e+00 -2.48630655e-05 
-2.50000000e+00 -2.48771225e-05 
-2.52000000e+00 -2.48911795e-05 
-2.54000000e+00 -2.49052365e-05 
-2.56000000e+00 -2.49192935e-05 
-2.58000000e+00 -2.49333504e-05 
-2.60000000e+00 -2.49474074e-05 
-2.62000000e+00 -2.49614644e-05 
-2.64000000e+00 -2.49755214e-05 
-2.66000000e+00 -2.49895783e-05 
-2.68000000e+00 -2.50036353e-05 
-2.70000000e+00 -2.50176923e-05 
-2.72000000e+00 -2.50317493e-05 
-2.74000000e+00 -2.50458063e-05 
-2.76000000e+00 -2.50598632e-05 
-2.78000000e+00 -2.50739202e-05 
-2.80000000e+00 -2.50879772e-05 
-2.82000000e+00 -2.51020342e-05 
-2.84000000e+00 -2.51160912e-05 
-2.86000000e+00 -2.51301482e-05 
-2.88000000e+00 -2.51442051e-05 
-2.90000000e+00 -2.51582621e-05 
-2.92000000e+00 -2.51723191e-05 
-2.94000000e+00 -2.51863761e-05 
-2.96000000e+00 -2.52004330e-05 
-2.98000000e+00 -2.52144900e-05 
-3.00000000e+00 -2.52285470e-05 
-3.02000000e+00 -2.52426040e-05 
-3.04000000e+00 -2.52566610e-05 
-3.06000000e+00 -2.52707179e-05 
-3.08000000e+00 -2.52847749e-05 
-3.10000000e+00 -2.52988319e-05 
-3.12000000e+00 -2.53128889e-05 
-3.14000000e+00 -2.53269459e-05 
-3.16000000e+00 -2.53410029e-05 
-3.18000000e+00 -2.53550598e-05 
-3.20000000e+00 -2.53691168e-05 
-3.22000000e+00 -2.53831738e-05 
-3.24000000e+00 -2.53972308e-05 
-3.26000000e+00 -2.54112877e-05 
-3.28000000e+00 -2.54253447e-05 
-3.30000000e+00 -2.54394017e-05 
-3.32000000e+00 -2.54534587e-05 
-3.34000000e+00 -2.54675157e-05 
-3.36000000e+00 -2.54815726e-05 
-3.38000000e+00 -2.54956296e-05 
-3.40000000e+00 -2.55096866e-05 
-3.42000000e+00 -2.55237436e-05 
-3.44000000e+00 -2.55378006e-05 
-3.46000000e+00 -2.55518575e-05 
-3.48000000e+00 -2.55659145e-05 
-3.50000000e+00 -2.55799715e-05 
-3.52000000e+00 -2.55940285e-05 
-3.54000000e+00 -2.56080855e-05 
-3.56000000e+00 -2.56221425e-05 
-3.58000000e+00 -2.56361994e-05 
-3.60000000e+00 -2.56502564e-05 
-3.62000000e+00 -2.56643134e-05 
-3.64000000e+00 -2.56783704e-05 
-3.66000000e+00 -2.56924273e-05 
-3.68000000e+00 -2.57064843e-05 
-3.70000000e+00 -2.57205413e-05 
-3.72000000e+00 -2.57345983e-05 
-3.74000000e+00 -2.57486553e-05 
-3.76000000e+00 -2.57627122e-05 
-3.78000000e+00 -2.57767692e-05 
-3.80000000e+00 -2.57908262e-05 
-3.82000000e+00 -2.58048832e-05 
-3.84000000e+00 -2.58189402e-05 
-3.86000000e+00 -2.58329972e-05 
-3.88000000e+00 -2.58470541e-05 
-3.90000000e+00 -2.58611111e-05 
-3.92000000e+00 -2.58751681e-05 
-3.94000000e+00 -2.58892251e-05 
-3.96000000e+00 -2.59032820e-05 
-3.98000000e+00 -2.59173390e-05 
-4.00000000e+00 -2.59313960e-05 
-4.02000000e+00 -2.59454530e-05 
-4.04000000e+00 -2.59595100e-05 
-4.06000000e+00 -2.59735669e-05 
-4.08000000e+00 -2.59876239e-05 
-4.10000000e+00 -2.60016809e-05 
-4.12000000e+00 -2.60157379e-05 
-4.14000000e+00 -2.60297949e-05 
-4.16000000e+00 -2.60438518e-05 
-4.18000000e+00 -2.60579088e-05 
-4.20000000e+00 -2.60719658e-05 
-4.22000000e+00 -2.60860228e-05 
-4.24000000e+00 -2.61000798e-05 
-4.26000000e+00 -2.61141367e-05 
-4.28000000e+00 -2.61281937e-05 
-4.30000000e+00 -2.61422507e-05 
-4.32000000e+00 -2.61563077e-05 
-4.34000000e+00 -2.61703647e-05 
-4.36000000e+00 -2.61844216e-05 
-4.38000000e+00 -2.61984786e-05 
-4.40000000e+00 -2.62125356e-05 
-4.42000000e+00 -2.62265926e-05 
-4.44000000e+00 -2.62406496e-05 
-4.46000000e+00 -2.62547065e-05 
-4.48000000e+00 -2.62687635e-05 
-4.50000000e+00 -2.62828205e-05 
-4.52000000e+00 -2.62968775e-05 
-4.54000000e+00 -2.63109345e-05 
-4.56000000e+00 -2.63249914e-05 
-4.58000000e+00 -2.63390484e-05 
-4.60000000e+00 -2.63531054e-05 
-4.62000000e+00 -2.63671624e-05 
-4.64000000e+00 -2.63812194e-05 
-4.66000000e+00 -2.63952763e-05 
-4.68000000e+00 -2.64093333e-05 
-4.70000000e+00 -2.64233903e-05 
-4.72000000e+00 -2.64374473e-05 
-4.74000000e+00 -2.64515043e-05 
-4.76000000e+00 -2.64655612e-05 
-4.78000000e+00 -2.64796182e-05 
-4.80000000e+00 -2.64936752e-05 
-4.82000000e+00 -2.65077322e-05 
-4.84000000e+00 -2.65217892e-05 
-4.86000000e+00 -2.65358461e-05 
-4.88000000e+00 -2.65499031e-05 
-4.90000000e+00 -2.65639601e-05 
-4.92000000e+00 -2.65780171e-05 
-4.94000000e+00 -2.65920741e-05 
-4.96000000e+00 -2.66061310e-05 
-4.98000000e+00 -2.66201880e-05 
-5.00000000e+00 -2.66342450e-05 
 0.00000000e+00 -0.00000000e+00 
-2.00000000e-02 -2.34142275e-06 
-4.00000000e-02 -4.64564229e-06 
-6.00000000e-02 -6.91258567e-06 
-8.00000000e-02 -9.14217993e-06 
-1.00000000e-01 -1.13343521e-05 
-1.20000000e-01 -1.34890292e-05 
-1.40000000e-01 -1.56061384e-05 
-1.60000000e-01 -1.76856066e-05 
-1.80000000e-01 -1.97273608e-05 
-2.00000000e-01 -2.17313282e-05 
-2.20000000e-01 -2.36974357e-05 
-2.40000000e-01 -2.56256105e-05 
-2.60000000e-01 -2.75157795e-05 
-2.80000000e-01 -2.93678697e-05 
-3.00000000e-01 -3.11818083e-05 
-3.20000000e-01 -3.29575223e-05 
-3.40000000e-01 -3.46949386e-05 
-3.60000000e-01 -3.63939844e-05 
-3.80000000e-01 -3.80545866e-05 
-4.00000000e-01 -3.96766724e-05 
-4.20000000e-01 -4.12601688e-05 
-4.40000000e-01 -4.28050027e-05 
-4.60000000e-01 -4.43111013e-05 
-4.80000000e-01 -4.57783915e-05 
-5.00000000e-01 -4.72068005e-05 
-5.20000000e-01 -4.85962553e-05 
-5.40000000e-01 -4.99466828e-05 
-5.60000000e-01 -5.12580102e-05 
-5.80000000e-01 -5.25301644e-05 
-6.00000000e-01 -5.37630726e-05 
-6.20000000e-01 -5.49566618e-05 
-6.40000000e-01 -5.61108589e-05 
-6.60000000e-01 -5.72255911e-05 
-6.80000000e-01 -5.83007853e-05 
-7.00000000e-01 -5.93363687e-05 
-7.20000000e-01 -6.03322682e-05 
-7.40000000e-01 -6.12884110e-05 
-7.60000000e-01 -6.22047240e-05 
-7.80000000e-01 -6.30811342e-05 
-8.00000000e-01 -6.39175688e-05 
-8.20000000e-01 -6.47139548e-05 
-8.40000000e-01 -6.54702191e-05 
-8.60000000e-01 -6.61862889e-05 
-8.80000000e-01 -6.68620911e-05 
-9.00000000e-01 -6.74975529e-05 
-9.20000000e-01 -6.80926013e-05 
-9.40000000e-01 -6.86471632e-05 
-9.60000000e-01 -6.91611658e-05 
-9.80000000e-01 -6.96345360e-05 
-1.00000000e+00 -7.00672010e-05 
-1.02000000e+00 -7.04590878e-05 
-1.04000000e+00 -7.08101233e-05 
-1.06000000e+00 -7.11202347e-05 
-1.08000000e+00 -7.13893489e-05 
-1.10000000e+00 -7.16173931e-05 
-1.12000000e+00 -7.18042942e-05 
-1.14000000e+00 -7.19499794e-05 
-1.16000000e+00 -7.20543756e-05 
-1.18000000e+00 -7.21174098e-05 
-1.20000000e+00 -7.21597388e-05 
-1.22000000e+00 -7.22020678e-05 
-1.24000000e+00 -7.22443968e-05 
-1.26000000e+00 -7.22867258e-05 
-1.28000000e+00 -7.23290547e-05 
-1.30000000e+00 -7.23713837e-05 
-1.32000000e+00 -7.24137127e-05 
-1.34000000e+00 -7.24560417e-05 
-1.36000000e+00 -7.24983706e-05 
-1.38000000e+00 -7.25406996e-05 
-1.40000000e+00 -7.25830286e-05 
-1.42000000e+00 -7.26253576e-05 
-1.44000000e+00 -7.26676866e-05 
-1.46000000e+00 -7.27100156e-05 
-1.48000000e+00 -7.27523445e-05 
-1.50000000e+00 -7.27946735e-05 
-1.52000000e+00 -7.28370025e-05 
-1.54000000e+00 -7.28793315e-05 
-1.56000000e+00 -7.29216605e-05 
-1.58000000e+00 -7.29639894e-05 
-1.60000000e+00 -7.30063184e-05 
-1.62000000e+00 -7.30486474e-05 
-1.64000000e+00 -7.30909764e-05 
-1.66000000e+00 -7.31333054e-05 
-1.68000000e+00 -7.31756343e-05 
-1.70000000e+00 -7.32179633e-05 
-1.72000000e+00 -7.32602923e-05 
-1.74000000e+00 -7.33026213e-05 
-1.76000000e+00 -7.33449503e-05 
-1.78000000e+00 -7.33872792e-05 
-1.80000000e+00 -7.34296082e-05 
-1.82000000e+00 -7.34719372e-05 
-1.84000000e+00 -7.35142662e-05 
-1.86000000e+00 -7.35565952e-05 
-1.88000000e+00 -7.35989241e-05 
-1.90000000e+00 -7.36412531e-05 
-1.92000000e+00 -7.36835821e-05 
-1.94000000e+00 -7.37259111e-05 
-1.96000000e+00 -7.37682401e-05 
-1.98000000e+00 -7.38105690e-05 
-2.00000000e+00 -7.38528980e-05 
-2.02000000e+00 -7.38952270e-05 
-2.04000000e+00 -7.39375560e-05 
-2.06000000e+00 -7.39798850e-05 
-2.08000000e+00 -7.40222139e-05 
-2.10000000e+00 -7.40645429e-05 
-2.12000000e+00 -7.41068719e-05 
-2.14000000e+00 -7.41492009e-05 
-2.16000000e+00 -7.41915298e-05 
-2.18000000e+00 -7.42338588e-05 
-2.20000000e+00 -7.42761878e-05 
-2.22000000e+00 -7.43185168e-05 
-2.24000000e+00 -7.43608458e-05 
-2.26000000e+00 -7.44031748e-05 
-2.28000000e+00 -7.44455037e-05 
-2.30000000e+00 -7.44878327e-05 
-2.32000000e+00 -7.45301617e-05 
-2.34000000e+00 -7.45724907e-05 
-2.36000000e+00 -7.46148196e-05 
-2.38000000e+00 -7.46571486e-05 
-2.40000000e+00 -7.46994776e-05 
-2.42000000e+00 -7.47418066e-05 
-2.44000000e+00 -7.47841356e-05 
-2.46000000e+00 -7.48264646e-05 
-2.48000000e+00 -7.48687935e-05 
-2.50000000e+00 -7.49111225e-05 
-2.52000000e+00 -7.49534515e-05 
-2.54000000e+00 -7.49957805e-05 
-2.56000000e+00 -7.50381095e-05 
-2.58000000e+00 -7.50804384e-05 
-2.60000000e+00 -7.51227674e-05 
-2.62000000e+00 -7.51650964e-05 
-2.64000000e+00 -7.52074254e-05 
-2.66000000e+00 -7.52497544e-05 
-2.68000000e+00 -7.52920833e-05 
-2.70000000e+00 -7.53344123e-05 
-2.72000000e+00 -7.53767413e-05 
-2.74000000e+00 -7.54190703e-05 
-2.76000000e+00 -7.54613992e-05 
-2.78000000e+00 -7.55037282e-05 
-2.80000000e+00 -7.55460572e-05 
-2.82000000e+00 -7.55883862e-05 
-2.84000000e+00 -7.56307152e-05 
-2.86000000e+00 -7.56730442e-05 
-2.88000000e+00 -7.57153731e-05 
-2.90000000e+00 -7.57577021e-05 
-2.92000000e+00 -7.58000311e-05 
-2.94000000e+00 -7.58423601e-05 
-2.96000000e+00 -7.58846891e-05 
-2.98000000e+00 -7.59270180e-05 
-3.00000000e+00 -7.59693470e-05 
-3.02000000e+00 -7.60116760e-05 
-3.04000000e+00 -7.60540050e-05 
-3.06000000e+00 -7.60963339e-05 
-3.08000000e+00 -7.61386629e-05 
-3.10000000e+00 -7.61809919e-05 
-3.12000000e+00 -7.62233209e-05 
-3.14000000e+00 -7.62656499e-05 
-3.16000000e+00 -7.63079789e-05 
-3.18000000e+00 -7.63503078e-05 
-3.20000000e+00 -7.63926368e-05 
-3.22000000e+00 -7.64349658e-05 
-3.24000000e+00 -7.64772948e-05 
-3.26000000e+00 -7.65196238e-05 
-3.28000000e+00 -7.65619527e-05 
-3.30000000e+00 -7.66042817e-05 
-3.32000000e+00 -7.66466107e-05 
-3.34000000e+00 -7.66889397e-05 
-3.36000000e+00 -7.67312687e-05 
-3.38000000e+00 -7.67735976e-05 
-3.40000000e+00 -7.68159266e-05 
-3.42000000e+00 -7.68582556e-05 
-3.44000000e+00 -7.69005846e-05 
-3.46000000e+00 -7.69429136e-05 
-3.48000000e+00 -7.69852425e-05 
-3.50000000e+00 -7.70275715e-05 
-3.52000000e+00 -7.70699005e-05 
-3.54000000e+00 -7.71122295e-05 
-3.56000000e+00 -7.71545585e-05 
-3.58000000e+00 -7.71968874e-05 
-3.60000000e+00 -7.72392164e-05 
-3.62000000e+00 -7.72815454e-05 
-3.64000000e+00 -7.73238744e-05 
-3.66000000e+00 -7.73662033e-05 
-3.68000000e+00 -7.74085323e-05 
-3.70000000e+00 -7.74508613e-05 
-3.72000000e+00 -7.74931903e-05 
-3.74000000e+00 -7.75355193e-05 
-3.76000000e+00 -7.75778483e-05 
-3.78000000e+00 -7.76201772e-05 
-3.80000000e+00 -7.76625062e-05 
-3.82000000e+00 -7.77048352e-05 
-3.84000000e+00 -7.77471642e-05 
-3.86000000e+00 -7.77894932e-05 
-3.88000000e+00 -7.78318221e-05 
-3.90000000e+00 -7.78741511e-05 
-3.92000000e+00 -7.79164801e-05 
-3.94000000e+00 -7.79588091e-05 
-3.96000000e+00 -7.80011381e-05 
-3.98000000e+00 -7.80434670e-05 
-4.00000000e+00 -7.80857960e-05 
-4.02000000e+00 -7.81281250e-05 
-4.04000000e+00 -7.81704540e-05 
-4.06000000e+00 -7.82127830e-05 
-4.08000000e+00 -7.82551119e-05 
-4.10000000e+00 -7.82974409e-05 
-4.12000000e+00 -7.83397699e-05 
-4.14000000e+00 -7.83820989e-05 
-4.16000000e+00 -7.84244278e-05 
-4.18000000e+00 -7.84667568e-05 
-4.20000000e+00 -7.85090858e-05 
-4.22000000e+00 -7.85514148e-05 
-4.24000000e+00 -7.85937438e-05 
-4.26000000e+00 -7.86360727e-05 
-4.28000000e+00 -7.86784017e-05 
-4.30000000e+00 -7.87207307e-05 
-4.32000000e+00 -7.87630597e-05 
-4.34000000e+00 -7.88053887e-05 
-4.36000000e+00 -7.88477176e-05 
-4.38000000e+00 -7.88900466e-05 
-4.40000000e+00 -7.89323756e-05 
-4.42000000e+00 -7.89747046e-05 
-4.44000000e+00 -7.90170336e-05 
-4.46000000e+00 -7.90593625e-05 
-4.48000000e+00 -7.91016915e-05 
-4.50000000e+00 -7.91440205e-05 
-4.52000000e+00 -7.91863495e-05 
-4.54000000e+00 -7.92286785e-05 
-4.56000000e+00 -7.92710074e-05 
-4.58000000e+00 -7.93133364e-05 
-4.60000000e+00 -7.93556654e-05 
-4.62000000e+00 -7.93979944e-05 
-4.64000000e+00 -7.94403234e-05 
-4.66000000e+00 -7.94826523e-05 
-4.68000000e+00 -7.95249813e-05 
-4.70000000e+00 -7.95673103e-05 
-4.72000000e+00 -7.96096393e-05 
-4.74000000e+00 -7.96519683e-05 
-4.76000000e+00 -7.96942972e-05 
-4.78000000e+00 -7.97366262e-05 
-4.80000000e+00 -7.97789552e-05 
-4.82000000e+00 -7.98212842e-05 
-4.84000000e+00 -7.98636132e-05 
-4.86000000e+00 -7.99059421e-05 
-4.88000000e+00 -7.99482711e-05 
-4.90000000e+00 -7.99906001e-05 
-4.92000000e+00 -8.00329291e-05 
-4.94000000e+00 -8.00752581e-05 
-4.96000000e+00 -8.01175870e-05 
-4.98000000e+00 -8.01599160e-05 
-5.00000000e+00 -8.02022450e-05 
 0.00000000e+00 -0.00000000e+00 
-2.00000000e-02 -3.34203075e-06 
-4.00000000e-02 -6.64807429e-06 
-6.00000000e-02 -9.91805767e-06 
-8.00000000e-02 -1.31519079e-05 
-1.00000000e-01 -1.63495521e-05 
-1.20000000e-01 -1.95109173e-05 
-1.40000000e-01 -2.26359304e-05 
-1.60000000e-01 -2.57245186e-05 
-1.80000000e-01 -2.87766088e-05 
-2.00000000e-01 -3.17921282e-05 
-2.20000000e-01 -3.47710038e-05 
-2.40000000e-01 -3.77131625e-05 
-2.60000000e-01 -4.06185315e-05 
-2.80000000e-01 -4.34870377e-05 
-3.00000000e-01 -4.63186083e-05 
-3.20000000e-01 -4.91131702e-05 
-3.40000000e-01 -5.18706506e-05 
-3.60000000e-01 -5.45909764e-05 
-3.80000000e-01 -5.72740746e-05 
-4.00000000e-01 -5.99198724e-05 
-4.20000000e-01 -6.25282968e-05 
-4.40000000e-01 -6.50992747e-05 
-4.60000000e-01 -6.76327333e-05 
-4.80000000e-01 -7.01285995e-05 
-5.00000000e-01 -7.25868005e-05 
-5.20000000e-01 -7.50072633e-05 
-5.40000000e-01 -7.73899148e-05 
-5.60000000e-01 -7.97346822e-05 
-5.80000000e-01 -8.20414924e-05 
-6.00000000e-01 -8.43102726e-05 
-6.20000000e-01 -8.65409498e-05 
-6.40000000e-01 -8.87334509e-05 
-6.60000000e-01 -9.08877031e-05 
-6.80000000e-01 -9.30036333e-05 
-7.00000000e-01 -9.50811687e-05 
-7.20000000e-01 -9.71202363e-05 
-7.40000000e-01 -9.91207630e-05 
-7.60000000e-01 -1.01082676e-04 
-7.80000000e-01 -1.03005902e-04 
-8.00000000e-01 -1.04890369e-04 
-8.20000000e-01 -1.06736003e-04 
-8.40000000e-01 -1.08542731e-04 
-8.60000000e-01 -1.10310481e-04 
-8.80000000e-01 -1.12039179e-04 
-9.00000000e-01 -1.13728753e-04 
-9.20000000e-01 -1.15379129e-04 
-9.40000000e-01 -1.16990235e-04 
-9.60000000e-01 -1.18561998e-04 
-9.80000000e-01 -1.20094344e-04 
-1.00000000e+00 -1.21587201e-04 
-1.02000000e+00 -1.23040496e-04 
-1.04000000e+00 -1.24454155e-04 
-1.06000000e+00 -1.25828107e-04 
-1.08000000e+00 -1.27162277e-04 
-1.10000000e+00 -1.28456593e-04 
-1.12000000e+00 -1.29710982e-04 
-1.14000000e+00 -1.30925371e-04 
-1.16000000e+00 -1.32099688e-04 
-1.18000000e+00 -1.33233858e-04 
-1.20000000e+00 -1.34327809e-04 
-1.22000000e+00 -1.35381469e-04 
-1.24000000e+00 -1.36394763e-04 
-1.26000000e+00 -1.37367620e-04 
-1.28000000e+00 -1.38299967e-04 
-1.30000000e+00 -1.39191729e-04 
-1.32000000e+00 -1.40042835e-04 
-1.34000000e+00 -1.40853212e-04 
-1.36000000e+00 -1.41622785e-04 
-1.38000000e+00 -1.42351484e-04 
-1.40000000e+00 -1.43039233e-04 
-1.42000000e+00 -1.43685962e-04 
-1.44000000e+00 -1.44291596e-04 
-1.46000000e+00 -1.44856062e-04 
-1.48000000e+00 -1.45379289e-04 
-1.50000000e+00 -1.45861202e-04 
-1.52000000e+00 -1.46301728e-04 
-1.54000000e+00 -1.46700796e-04 
-1.56000000e+00 -1.47058331e-04 
-1.58000000e+00 -1.47374261e-04 
-1.60000000e+00 -1.47648514e-04 
-1.62000000e+00 -1.47881015e-04 
-1.64000000e+00 -1.48071692e-04 
-1.66000000e+00 -1.48220472e-04 
-1.68000000e+00 -1.48327282e-04 
-1.70000000e+00 -1.48413083e-04 
-1.72000000e+00 -1.48498884e-04 
-1.74000000e+00 -1.48584685e-04 
-1.76000000e+00 -1.48670486e-04 
-1.78000000e+00 -1.48756287e-04 
-1.80000000e+00 -1.48842088e-04 
-1.82000000e+00 -1.48927889e-04 
-1.84000000e+00 -1.49013690e-04 
-1.86000000e+00 -1.49099491e-04 
-1.88000000e+00 -1.49185292e-04 
-1.90000000e+00 -1.49271093e-04 
-1.92000000e+00 -1.49356894e-04 
-1.94000000e+00 -1.49442695e-04 
-1.96000000e+00 -1.49528496e-04 
-1.98000000e+00 -1.49614297e-04 
-2.00000000e+00 -1.49700098e-04 
-2.02000000e+00 -1.49785899e-04 
-2.04000000e+00 -1.49871700e-04 
-2.06000000e+00 -1.49957501e-04 
-2.08000000e+00 -1.50043302e-04 
-2.10000000e+00 -1.50129103e-04 
-2.12000000e+00 -1.50214904e-04 
-2.14000000e+00 -1.50300705e-04 
-2.16000000e+00 -1.50386506e-04 
-2.18000000e+00 -1.50472307e-04 
-2.20000000e+00 -1.50558108e-04 
-2.22000000e+00 -1.50643909e-04 
-2.24000000e+00 -1.50729710e-04 
-2.26000000e+00 -1.50815511e-04 
-2.28000000e+00 -1.50901312e-04 
-2.30000000e+00 -1.50987113e-04 
-2.32000000e+00 -1.51072914e-04 
-2.34000000e+00 -1.51158715e-04 
-2.36000000e+00 -1.51244516e-04 
-2.38000000e+00 -1.51330317e-04 
-2.40000000e+00 -1.51416118e-04 
-2.42000000e+00 -1.51501919e-04 
-2.44000000e+00 -1.51587720e-04 
-2.46000000e+00 -1.51673521e-04 
-2.48000000e+00 -1.51759322e-04 
-2.50000000e+00 -1.51845123e-04 
-2.52000000e+00 -1.51930923e-04 
-2.54000000e+00 -1.52016724e-04 
-2.56000000e+00 -1.52102525e-04 
-2.58000000e+00 -1.52188326e-04 
-2.60000000e+00 -1.52274127e-04 
-2.62000000e+00 -1.52359928e-04 
-2.64000000e+00 -1.52445729e-04 
-2.66000000e+00 -1.52531530e-04 
-2.68000000e+00 -1.52617331e-04 
-2.70000000e+00 -1.52703132e-04 
-2.72000000e+00 -1.52788933e-04 
-2.74000000e+00 -1.52874734e-04 
-2.76000000e+00 -1.52960535e-04 
-2.78000000e+00 -1.53046336e-04 
-2.80000000e+00 -1.53132137e-04 
-2.82000000e+00 -1.53217938e-04 
-2.84000000e+00 -1.53303739e-04 
-2.86000000e+00 -1.53389540e-04 
-2.88000000e+00 -1.53475341e-04 
-2.90000000e+00 -1.53561142e-04 
-2.92000000e+00 -1.53646943e-04 
-2.94000000e+00 -1.53732744e-04 
-2.96000000e+00 -1.53818545e-04 
-2.98000000e+00 -1.53904346e-04 
-3.00000000e+00 -1.53990147e-04 
-3.02000000e+00 -1.54075948e-04 
-3.04000000e+00 -1.54161749e-04 
-3.06000000e+00 -1.54247550e-04 
-3.08000000e+00 -1.54333351e-04 
-3.10000000e+00 -1.54419152e-04 
-3.12000000e+00 -1.54504953e-04 
-3.14000000e+00 -1.54590754e-04 
-3.16000000e+00 -1.54676555e-04 
-3.18000000e+00 -1.54762356e-04 
-3.20000000e+00 -1.54848157e-04 
-3.22000000e+00 -1.54933958e-04 
-3.24000000e+00 -1.55019759e-04 
-3.26000000e+00 -1.55105560e-04 
-3.28000000e+00 -1.55191361e-04 
-3.30000000e+00 -1.55277162e-04 
-3.32000000e+00 -1.55362963e-04 
-3.34000000e+00 -1.55448764e-04 
-3.36000000e+00 -1.55534565e-04 
-3.38000000e+00 -1.55620366e-04 
-3.40000000e+00 -1.55706167e-04 
-3.42000000e+00 -1.55791968e-04 
-3.44000000e+00 -1.55877769e-04 
-3.46000000e+00 -1.55963570e-04 
-3.48000000e+00 -1.56049371e-04 
-3.50000000e+00 -1.56135172e-04 
-3.52000000e+00 -1.56220972e-04 
-3.54000000e+00 -1.56306773e-04 
-3.56000000e+00 -1.56392574e-04 
-3.58000000e+00 -1.56478375e-04 
-3.60000000e+00 -1.56564176e-04 
-3.62000000e+00 -1.56649977e-04 
-3.64000000e+00 -1.56735778e-04 
-3.66000000e+00 -1.56821579e-04 
-3.68000000e+00 -1.56907380e-04 
-3.70000000e+00 -1.56993181e-04 
-3.72000000e+00 -1.57078982e-04 
-3.74000000e+00 -1.57164783e-04 
-3.76000000e+00 -1.57250584e-04 
-3.78000000e+00 -1.57336385e-04 
-3.80000000e+00 -1.57422186e-04 
-3.82000000e+00 -1.57507987e-04 
-3.84000000e+00 -1.57593788e-04 
-3.86000000e+00 -1.57679589e-04 
-3.88000000e+00 -1.57765390e-04 
-3.90000000e+00 -1.57851191e-04 
-3.92000000e+00 -1.57936992e-04 
-3.94000000e+00 -1.58022793e-04 
-3.96000000e+00 -1.58108594e-04 
-3.98000000e+00 -1.58194395e-04 
-4.00000000e+00 -1.58280196e-04 
-4.02000000e+00 -1.58365997e-04 
-4.04000000e+00 -1.58451798e-04 
-4.06000000e+00 -1.58537599e-04 
-4.08000000e+00 -1.58623400e-04 
-4.10000000e+00 -1.58709201e-04 
-4.12000000e+00 -1.58795002e-04 
-4.14000000e+00 -1.58880803e-04 
-4.16000000e+00 -1.58966604e-04 
-4.18000000e+00 -1.59052405e-04 
-4.20000000e+00 -1.59138206e-04 
-4.22000000e+00 -1.59224007e-04 
-4.24000000e+00 -1.59309808e-04 
-4.26000000e+00 -1.59395609e-04 
-4.28000000e+00 -1.59481410e-04 
-4.30000000e+00 -1.59567211e-04 
-4.32000000e+00 -1.59653012e-04 
-4.34000000e+00 -1.59738813e-04 
-4.36000000e+00 -1.59824614e-04 
-4.38000000e+00 -1.59910415e-04 
-4.40000000e+00 -1.59996216e-04 
-4.42000000e+00 -1.60082017e-04 
-4.44000000e+00 -1.60167818e-04 
-4.46000000e+00 -1.60253619e-04 
-4.48000000e+00 -1.60339420e-04 
-4.50000000e+00 -1.60425221e-04 
-4.52000000e+00 -1.60511021e-04 
-4.54000000e+00 -1.60596822e-04 
-4.56000000e+00 -1.60682623e-04 
-4.58000000e+00 -1.60768424e-04 
-4.60000000e+00 -1.60854225e-04 
-4.62000000e+00 -1.60940026e-04 
-4.64000000e+00 -1.61025827e-04 
-4.66000000e+00 -1.61111628e-04 
-4.68000000e+00 -1.61197429e-04 
-4.70000000e+00 -1.61283230e-04 
-4.72000000e+00 -1.61369031e-04 
-4.74000000e+00 -1.61454832e-04 
-4.76000000e+00 -1.61540633e-04 
-4.78000000e+00 -1.61626434e-04 
-4.80000000e+00 -1.61712235e-04 
-4.82000000e+00 -1.61798036e-04 
-4.84000000e+00 -1.61883837e-04 
-4.86000000e+00 -1.61969638e-04 
-4.88000000e+00 -1.62055439e-04 
-4.90000000e+00 -1.62141240e-04 
-4.92000000e+00 -1.62227041e-04 
-4.94000000e+00 -1.62312842e-04 
-4.96000000e+00 -1.62398643e-04 
-4.98000000e+00 -1.62484444e-04 
-5.00000000e+00 -1.62570245e-04 
 0.00000000e+00 -0.00000000e+00 
-2.00000000e-02 -4.34263875e-06 
-4.00000000e-02 -8.65050629e-06 
-6.00000000e-02 -1.29235297e-05 
-8.00000000e-02 -1.71616359e-05 
-1.00000000e-01 -2.13647521e-05 
-1.20000000e-01 -2.55328053e-05 
-1.40000000e-01 -2.96657224e-05 
-1.60000000e-01 -3.37634306e-05 
-1.80000000e-01 -3.78258568e-05 
-2.00000000e-01 -4.18529282e-05 
-2.20000000e-01 -4.58445717e-05 
-2.40000000e-01 -4.98007145e-05 
-2.60000000e-01 -5.37212835e-05 
-2.80000000e-01 -5.76062057e-05 
-3.00000000e-01 -6.14554083e-05 
-3.20000000e-01 -6.52688182e-05 
-3.40000000e-01 -6.90463626e-05 
-3.60000000e-01 -7.27879684e-05 
-3.80000000e-01 -7.64935626e-05 
-4.00000000e-01 -8.01630724e-05 
-4.20000000e-01 -8.37964247e-05 
-4.40000000e-01 -8.73935467e-05 
-4.60000000e-01 -9.09543653e-05 
-4.80000000e-01 -9.44788075e-05 
-5.00000000e-01 -9.79668005e-05 
-5.20000000e-01 -1.01418271e-04 
-5.40000000e-01 -1.04833147e-04 
-5.60000000e-01 -1.08211354e-04 
-5.80000000e-01 -1.11552820e-04 
-6.00000000e-01 -1.14857473e-04 
-6.20000000e-01 -1.18125238e-04 
-6.40000000e-01 -1.21356043e-04 
-6.60000000e-01 -1.24549815e-04 
-6.80000000e-01 -1.27706481e-04 
-7.00000000e-01 -1.30825969e-04 
-7.20000000e-01 -1.33908204e-04 
-7.40000000e-01 -1.36953115e-04 
-7.60000000e-01 -1.39960628e-04 
-7.80000000e-01 -1.42930670e-04 
-8.00000000e-01 -1.45863169e-04 
-8.20000000e-01 -1.48758051e-04 
-8.40000000e-01 -1.51615243e-04 
-8.60000000e-01 -1.54434673e-04 
-8.80000000e-01 -1.57216267e-04 
-9.00000000e-01 -1.59959953e-04 
-9.20000000e-01 -1.62665657e-04 
-9.40000000e-01 -1.65333307e-04 
-9.60000000e-01 -1.67962830e-04 
-9.80000000e-01 -1.70554152e-04 
-1.00000000e+00 -1.73107201e-04 
-1.02000000e+00 -1.75621904e-04 
-1.04000000e+00 -1.78098187e-04 
-1.06000000e+00 -1.80535979e-04 
-1.08000000e+00 -1.82935205e-04 
-1.10000000e+00 -1.85295793e-04 
-1.12000000e+00 -1.87617670e-04 
-1.14000000e+00 -1.89900763e-04 
-1.16000000e+00 -1.92145000e-04 
-1.18000000e+00 -1.94350306e-04 
-1.20000000e+00 -1.96516609e-04 
-1.22000000e+00 -1.98643837e-04 
-1.24000000e+00 -2.00731915e-04 
-1.26000000e+00 -2.02780772e-04 
-1.28000000e+00 -2.04790335e-04 
-1.30000000e+00 -2.06760529e-04 
-1.32000000e+00 -2.08691283e-04 
-1.34000000e+00 -2.10582524e-04 
-1.36000000e+00 -2.12434177e-04 
-1.38000000e+00 -2.14246172e-04 
-1.40000000e+00 -2.16018433e-04 
-1.42000000e+00 -2.17750890e-04 
-1.44000000e+00 -2.19443468e-04 
-1.46000000e+00 -2.21096094e-04 
-1.48000000e+00 -2.22708697e-04 
-1.50000000e+00 -2.24281202e-04 
-1.52000000e+00 -2.25813536e-04 
-1.54000000e+00 -2.27305628e-04 
-1.56000000e+00 -2.28757403e-04 
-1.58000000e+00 -2.30168789e-04 
-1.60000000e+00 -2.31539714e-04 
-1.62000000e+00 -2.32870103e-04 
-1.64000000e+00 -2.34159884e-04 
-1.66000000e+00 -2.35408984e-04 
-1.68000000e+00 -2.36617330e-04 
-1.70000000e+00 -2.37784850e-04 
-1.72000000e+00 -2.38911469e-04 
-1.74000000e+00 -2.39997116e-04 
-1.76000000e+00 -2.41041717e-04 
-1.78000000e+00 -2.42045199e-04 
-1.80000000e+00 -2.43007490e-04 
-1.82000000e+00 -2.43928516e-04 
-1.84000000e+00 -2.44808204e-04 
-1.86000000e+00 -2.45646482e-04 
-1.88000000e+00 -2.46443276e-04 
-1.90000000e+00 -2.47198514e-04 
-1.92000000e+00 -2.47912122e-04 
-1.94000000e+00 -2.48584028e-04 
-1.96000000e+00 -2.49214159e-04 
-1.98000000e+00 -2.49802441e-04 
-2.00000000e+00 -2.50348802e-04 
-2.02000000e+00 -2.50853169e-04 
-2.04000000e+00 -2.51315468e-04 
-2.06000000e+00 -2.51735628e-04 
-2.08000000e+00 -2.52113574e-04 
-2.10000000e+00 -2.52449234e-04 
-2.12000000e+00 -2.52742535e-04 
-2.14000000e+00 -2.52993404e-04 
-2.16000000e+00 -2.53201769e-04 
-2.18000000e+00 -2.53367555e-04 
-2.20000000e+00 -2.53512028e-04 
-2.22000000e+00 -2.53656501e-04 
-2.24000000e+00 -2.53800974e-04 
-2.26000000e+00 -2.53945447e-04 
-2.28000000e+00 -2.54089920e-04 
-2.30000000e+00 -2.54234393e-04 
-2.32000000e+00 -2.54378866e-04 
-2.34000000e+00 -2.54523339e-04 
-2.36000000e+00 -2.54667812e-04 
-2.38000000e+00 -2.54812285e-04 
-2.40000000e+00 -2.54956758e-04 
-2.42000000e+00 -2.55101231e-04 
-2.44000000e+00 -2.55245704e-04 
-2.46000000e+00 -2.55390177e-04 
-2.48000000e+00 -2.55534650e-04 
-2.50000000e+00 -2.55679123e-04 
-2.52000000e+00 -2.55823595e-04 
-2.54000000e+00 -2.55968068e-04 
-2.56000000e+00 -2.56112541e-04 
-2.58000000e+00 -2.56257014e-04 
-2.60000000e+00 -2.56401487e-04 
-2.62000000e+00 -2.56545960e-04 
-2.64000000e+00 -2.56690433e-04 
-2.66000000e+00 -2.56834906e-04 
-2.68000000e+00 -2.56979379e-04 
-2.70000000e+00 -2.57123852e-04 
-2.72000000e+00 -2.57268325e-04 
-2.74000000e+00 -2.57412798e-04 
-2.76000000e+00 -2.57557271e-04 
-2.78000000e+00 -2.57701744e-04 
-2.80000000e+00 -2.57846217e-04 
-2.82000000e+00 -2.57990690e-04 
-2.84000000e+00 -2.58135163e-04 
-2.86000000e+00 -2.58279636e-04 
-2.88000000e+00 -2.58424109e-04 
-2.90000000e+00 -2.58568582e-04 
-2.92000000e+00 -2.58713055e-04 
-2.94000000e+00 -2.58857528e-04 
-2.96000000e+00 -2.59002001e-04 
-2.98000000e+00 -2.59146474e-04 
-3.00000000e+00 -2.59290947e-04 
-3.02000000e+00 -2.59435420e-04 
-3.04000000e+00 -2.59579893e-04 
-3.06000000e+00 -2.59724366e-04 
-3.08000000e+00 -2.59868839e-04 
-3.10000000e+00 -2.60013312e-04 
-3.12000000e+00 -2.60157785e-04 
-3.14000000e+00 -2.60302258e-04 
-3.16000000e+00 -2.60446731e-04 
-3.18000000e+00 -2.60591204e-04 
-3.20000000e+00 -2.60735677e-04 
-3.22000000e+00 -2.60880150e-04 
-3.24000000e+00 -2.61024623e-04 
-3.26000000e+00 -2.61169096e-04 
-3.28000000e+00 -2.61313569e-04 
-3.30000000e+00 -2.61458042e-04 
-3.32000000e+00 -2.61602515e-04 
-3.34000000e+00 -2.61746988e-04 
-3.36000000e+00 -2.61891461e-04 
-3.38000000e+00 -2.62035934e-04 
-3.40000000e+00 -2.62180407e-04 
-3.42000000e+00 -2.62324880e-04 
-3.44000000e+00 -2.62469353e-04 
-3.46000000e+00 -2.62613826e-04 
-3.48000000e+00 -2.62758299e-04 
-3.50000000e+00 -2.62902772e-04 
-3.52000000e+00 -2.63047244e-04 
-3.54000000e+00 -2.63191717e-04 
-3.56000000e+00 -2.63336190e-04 
-3.58000000e+00 -2.63480663e-04 
-3.60000000e+00 -2.63625136e-04 
-3.62000000e+00 -2.63769609e-04 
-3.64000000e+00 -2.63914082e-04 
-3.66000000e+00 -2.64058555e-04 
-3.68000000e+00 -2.64203028e-04 
-3.70000000e+00 -2.64347501e-04 
-3.72000000e+00 -2.64491974e-04 
-3.74000000e+00 -2.64636447e-04 
-3.76000000e+00 -2.64780920e-04 
-3.78000000e+00 -2.64925393e-04 
-3.80000000e+00 -2.65069866e-04 
-3.82000000e+00 -2.65214339e-04 
-3.84000000e+00 -2.65358812e-04 
-3.86000000e+00 -2.65503285e-04 
-3.88000000e+00 -2.65647758e-04 
-3.90000000e+00 -2.65792231e-04 
-3.92000000e+00 -2.65936704e-04 
-3.94000000e+00 -2.66081177e-04 
-3.96000000e+00 -2.66225650e-04 
-3.98000000e+00 -2.66370123e-04 
-4.00000000e+00 -2.66514596e-04 
-4.02000000e+00 -2.66659069e-04 
-4.04000000e+00 -2.66803542e-04 
-4.06000000e+00 -2.66948015e-04 
-4.08000000e+00 -2.67092488e-04 
-4.10000000e+00 -2.67236961e-04 
-4.12000000e+00 -2.67381434e-04 
-4.14000000e+00 -2.67525907e-04 
-4.16000000e+00 -2.67670380e-04 
-4.18000000e+00 -2.67814853e-04 
-4.20000000e+00 -2.67959326e-04 
-4.22000000e+00 -2.68103799e-04 
-4.24000000e+00 -2.68248272e-04 
-4.26000000e+00 -2.68392745e-04 
-4.28000000e+00 -2.68537218e-04 
-4.30000000e+00 -2.68681691e-04 
-4.32000000e+00 -2.68826164e-04 
-4.34000000e+00 -2.68970637e-04 
-4.36000000e+00 -2.69115110e-04 
-4.38000000e+00 -2.69259583e-04 
-4.40000000e+00 -2.69404056e-04 
-4.42000000e+00 -2.69548529e-04 
-4.44000000e+00 -2.69693002e-04 
-4.46000000e+00 -2.69837475e-04 
-4.48000000e+00 -2.69981948e-04 
-4.50000000e+00 -2.70126421e-04 
-4.52000000e+00 -2.70270893e-04 
-4.54000000e+00 -2.70415366e-04 
-4.56000000e+00 -2.70559839e-04 
-4.58000000e+00 -2.70704312e-04 
-4.60000000e+00 -2.70848785e-04 
-4.62000000e+00 -2.70993258e-04 
-4.64000000e+00 -2.71137731e-04 
-4.66000000e+00 -2.71282204e-04 
-4.68000000e+00 -2.71426677e-04 
-4.70000000e+00 -2.71571150e-04 
-4.72000000e+00 -2.71715623e-04 
-4.74000000e+00 -2.71860096e-04 
-4.76000000e+00 -2.72004569e-04 
-4.78000000e+00 -2.72149042e-04 
-4.80000000e+00 -2.72293515e-04 
-4.82000000e+00 -2.72437988e-04 
-4.84000000e+00 -2.72582461e-04 
-4.86000000e+00 -2.72726934e-04 
-4.88000000e+00 -2.72871407e-04 
-4.90000000e+00 -2.73015880e-04 
-4.92000000e+00 -2.73160353e-04 
-4.94000000e+00 -2.73304826e-04 
-4.96000000e+00 -2.73449299e-04 
-4.98000000e+00 -2.73593772e-04 
-5.00000000e+00 -2.73738245e-04 
