 9.03909341e-03 -1.15528035e+01 
 1.80672849e-02 -1.08539997e+01 
 2.70826348e-02 -1.04422446e+01 
 3.60828739e-02 -1.01475672e+01 
 4.50653544e-02 -9.91664461e+00 
 5.40269946e-02 -9.72567524e+00 
 6.29642193e-02 -9.56191681e+00 
 7.18728970e-02 -9.41772094e+00 
 8.07482732e-02 -9.28811525e+00 
 8.95849055e-02 -9.16966931e+00 
 9.83766002e-02 -9.05990517e+00 
 1.07116358e-01 -8.95696703e+00 
 1.15796333e-01 -8.85942528e+00 
 1.24407809e-01 -8.76615525e+00 
 1.32941209e-01 -8.67625979e+00 
 1.41386136e-01 -8.58901877e+00 
 1.49731459e-01 -8.50385547e+00 
 1.57965451e-01 -8.42031382e+00 
 1.66075977e-01 -8.33804236e+00 
 1.74050737e-01 -8.25678226e+00 
 1.81877551e-01 -8.17635730e+00 
 1.89544677e-01 -8.09666468e+00 
 1.97041146e-01 -8.01766553e+00 
 2.04357080e-01 -7.93937495e+00 
 2.11483987e-01 -7.86185138e+00 
 2.18414988e-01 -7.78518566e+00 
 2.25144987e-01 -7.70949011e+00 
 2.31670744e-01 -7.63488838e+00 
 2.37990878e-01 -7.56150635e+00 
 2.44105784e-01 -7.48946456e+00 
 2.50017490e-01 -7.41887244e+00 
 2.55729472e-01 -7.34982429e+00 
 2.61246434e-01 -7.28239687e+00 
 2.66574080e-01 -7.21664846e+00 
 2.71718885e-01 -7.15261907e+00 
 2.76687885e-01 -7.09033149e+00 
 2.81488486e-01 -7.02979282e+00 
 2.86128296e-01 -6.97099646e+00 
 2.90614983e-01 -6.91392410e+00 
 2.94956166e-01 -6.85854774e+00 
 2.99159321e-01 -6.80483162e+00 
 3.03231715e-01 -6.75273396e+00 
 3.07180354e-01 -6.70220848e+00 
 3.11011955e-01 -6.65320574e+00 
 3.14732917e-01 -6.60567425e+00 
 3.18349314e-01 -6.55956140e+00 
 3.21866894e-01 -6.51481423e+00 
 3.25291077e-01 -6.47138003e+00 
 3.28626966e-01 -6.42920680e+00 
 3.31879356e-01 -6.38824362e+00 
 3.35052747e-01 -6.34844095e+00 
 3.38151361e-01 -6.30975078e+00 
 3.41179150e-01 -6.27212678e+00 
 3.44139818e-01 -6.23552442e+00 
 3.47036835e-01 -6.19990095e+00 
 3.49873447e-01 -6.16521548e+00 
 3.52652696e-01 -6.13142891e+00 
 3.55377430e-01 -6.09850394e+00 
 3.58050321e-01 -6.06640502e+00 
 3.60673869e-01 -6.03509828e+00 
 3.63250421e-01 -6.00455149e+00 
 3.65782179e-01 -5.97473400e+00 
 3.68271211e-01 -5.94561665e+00 
 3.70719459e-01 -5.91717172e+00 
 3.73128747e-01 -5.88937286e+00 
 3.75500794e-01 -5.86219500e+00 
 3.77837215e-01 -5.83561434e+00 
 3.80139534e-01 -5.80960821e+00 
 3.82409185e-01 -5.78415509e+00 
 3.84647522e-01 -5.75923447e+00 
 3.86855823e-01 -5.73482687e+00 
 3.89035296e-01 -5.71091373e+00 
 3.91187080e-01 -5.68747737e+00 
 3.93312257e-01 -5.66450097e+00 
 3.95411848e-01 -5.64196848e+00 
 3.97486820e-01 -5.61986463e+00 
 3.99538092e-01 -5.59817484e+00 
 4.01566535e-01 -5.57688519e+00 
 4.03572973e-01 -5.55598242e+00 
 4.05558194e-01 -5.53545385e+00 
 4.07522942e-01 -5.51528737e+00 
 4.09467928e-01 -5.49547141e+00 
 4.11393827e-01 -5.47599491e+00 
 4.13301282e-01 -5.45684728e+00 
 4.15190906e-01 -5.43801840e+00 
 4.17063284e-01 -5.41949856e+00 
 4.18918974e-01 -5.40127848e+00 
 4.20758507e-01 -5.38334927e+00 
 4.22582393e-01 -5.36570237e+00 
 4.24391117e-01 -5.34832962e+00 
 4.26185144e-01 -5.33122316e+00 
 4.27964919e-01 -5.31437545e+00 
 4.29730868e-01 -5.29777925e+00 
 4.31483398e-01 -5.28142760e+00 
 4.33222899e-01 -5.26531382e+00 
 4.34949747e-01 -5.24943149e+00 
 4.36664301e-01 -5.23377441e+00 
 4.38366905e-01 -5.21833664e+00 
 4.40057891e-01 -5.20311245e+00 
 4.41737577e-01 -5.18809632e+00 
 4.43406268e-01 -5.17328294e+00 
 4.45064259e-01 -5.15866718e+00 
 4.46711831e-01 -5.14424411e+00 
 4.48349258e-01 -5.13000897e+00 
 4.49976800e-01 -5.11595714e+00 
 4.51594711e-01 -5.10208421e+00 
 4.53203233e-01 -5.08838588e+00 
 4.54802600e-01 -5.07485803e+00 
 4.56393039e-01 -5.06149664e+00 
 4.57974767e-01 -5.04829786e+00 
 4.59547995e-01 -5.03525795e+00 
 4.61112925e-01 -5.02237330e+00 
 4.62669753e-01 -5.00964042e+00 
 4.64218670e-01 -4.99705592e+00 
 4.65759858e-01 -4.98461652e+00 
 4.67293493e-01 -4.97231907e+00 
 4.68819748e-01 -4.96016048e+00 
 4.70338787e-01 -4.94813777e+00 
 4.71850771e-01 -4.93624808e+00 
 4.73355855e-01 -4.92448859e+00 
 4.74854188e-01 -4.91285660e+00 
 4.76345917e-01 -4.90134948e+00 
 4.77831182e-01 -4.88996467e+00 
 4.79310120e-01 -4.87869971e+00 
 4.80782863e-01 -4.86755217e+00 
 4.82249540e-01 -4.85651974e+00 
 4.83710275e-01 -4.84560013e+00 
 4.85165189e-01 -4.83479116e+00 
 4.86614399e-01 -4.82409067e+00 
 4.88058020e-01 -4.81349658e+00 
 4.89496161e-01 -4.80300688e+00 
 4.90928930e-01 -4.79261958e+00 
 4.92356432e-01 -4.78233279e+00 
 4.93778767e-01 -4.77214464e+00 
 4.95196035e-01 -4.76205330e+00 
 4.96608332e-01 -4.75205703e+00 
 4.98015750e-01 -4.74215410e+00 
 4.99418380e-01 -4.73234284e+00 
 5.00816311e-01 -4.72262163e+00 
 5.02209628e-01 -4.71298886e+00 
 5.03598415e-01 -4.70344301e+00 
 5.04982753e-01 -4.69398255e+00 
 5.06362722e-01 -4.68460603e+00 
 5.07738399e-01 -4.67531200e+00 
 5.09109858e-01 -4.66609908e+00 
 5.10477175e-01 -4.65696590e+00 
 5.11840418e-01 -4.64791112e+00 
 5.13199660e-01 -4.63893346e+00 
 5.14554967e-01 -4.63003165e+00 
 5.15906405e-01 -4.62120446e+00 
 5.17254039e-01 -4.61245066e+00 
 5.18597933e-01 -4.60376910e+00 
 5.19938148e-01 -4.59515862e+00 
 5.21274743e-01 -4.58661809e+00 
 5.22607778e-01 -4.57814642e+00 
 5.23937309e-01 -4.56974253e+00 
 5.25263393e-01 -4.56140538e+00 
 5.26586084e-01 -4.55313395e+00 
 5.27905435e-01 -4.54492722e+00 
 5.29221499e-01 -4.53678423e+00 
 5.30534327e-01 -4.52870401e+00 
 5.31843968e-01 -4.52068564e+00 
 5.33150470e-01 -4.51272818e+00 
 5.34453882e-01 -4.50483075e+00 
 5.35754250e-01 -4.49699247e+00 
 5.37051619e-01 -4.48921248e+00 
 5.38346034e-01 -4.48148994e+00 
 5.39637538e-01 -4.47382402e+00 
 5.40926174e-01 -4.46621394e+00 
 5.42211984e-01 -4.45865888e+00 
 5.43495008e-01 -4.45115809e+00 
 5.44775286e-01 -4.44371081e+00 
 5.46052858e-01 -4.43631629e+00 
 5.47327762e-01 -4.42897382e+00 
 5.48600034e-01 -4.42168267e+00 
 5.49869713e-01 -4.41444216e+00 
 5.51136833e-01 -4.40725159e+00 
 5.52401430e-01 -4.40011031e+00 
 5.53663539e-01 -4.39301765e+00 
 5.54923193e-01 -4.38597297e+00 
 5.56180425e-01 -4.37897563e+00 
 5.57435268e-01 -4.37202503e+00 
 5.58687755e-01 -4.36512055e+00 
 5.59937915e-01 -4.35826161e+00 
 5.61185780e-01 -4.35144760e+00 
 5.62431379e-01 -4.34467796e+00 
 5.63674743e-01 -4.33795214e+00 
 5.64915899e-01 -4.33126957e+00 
 5.66154877e-01 -4.32462971e+00 
 5.67391704e-01 -4.31803204e+00 
 5.68626407e-01 -4.31147603e+00 
 5.69859014e-01 -4.30496116e+00 
 5.71089550e-01 -4.29848695e+00 
 5.72318042e-01 -4.29205288e+00 
 5.73544513e-01 -4.28565848e+00 
 5.74768991e-01 -4.27930327e+00 
 5.75991498e-01 -4.27298677e+00 
 5.77212059e-01 -4.26670854e+00 
 5.78430698e-01 -4.26046812e+00 
 5.79647437e-01 -4.25426506e+00 
