 8.98269071e-03 -1.14957643e+01 
 1.79452828e-02 -1.07927872e+01 
 2.68844435e-02 -1.03765177e+01 
 3.57963376e-02 -1.00769693e+01 
 4.46765696e-02 -9.84080755e+00 
 5.35201256e-02 -9.64422434e+00 
 6.23213178e-02 -9.47447752e+00 
 7.10737344e-02 -9.32392735e+00 
 7.97702005e-02 -9.18762049e+00 
 8.84027542e-02 -9.06215783e+00 
 9.69626452e-02 -8.94510678e+00 
 1.05440362e-01 -8.83467229e+00 
 1.13825695e-01 -8.72950160e+00 
 1.22107840e-01 -8.62856286e+00 
 1.30275547e-01 -8.53106635e+00 
 1.38317314e-01 -8.43641141e+00 
 1.46221622e-01 -8.34414877e+00 
 1.53977203e-01 -8.25395250e+00 
 1.61573331e-01 -8.16559772e+00 
 1.69000112e-01 -8.07894188e+00 
 1.76248757e-01 -7.99390822e+00 
 1.83311822e-01 -7.91047087e+00 
 1.90183390e-01 -7.82864130e+00 
 1.96859195e-01 -7.74845616e+00 
 2.03336666e-01 -7.66996675e+00 
 2.09614909e-01 -7.59323014e+00 
 2.15694619e-01 -7.51830215e+00 
 2.21577950e-01 -7.44523209e+00 
 2.27268339e-01 -7.37405918e+00 
 2.32770312e-01 -7.30481054e+00 
 2.38089287e-01 -7.23750021e+00 
 2.43231367e-01 -7.17212934e+00 
 2.48203164e-01 -7.10868690e+00 
 2.53011619e-01 -7.04715091e+00 
 2.57663866e-01 -6.98748991e+00 
 2.62167098e-01 -6.92966453e+00 
 2.66528474e-01 -6.87362901e+00 
 2.70755031e-01 -6.81933269e+00 
 2.74853624e-01 -6.76672131e+00 
 2.78830880e-01 -6.71573821e+00 
 2.82693166e-01 -6.66632528e+00 
 2.86446566e-01 -6.61842381e+00 
 2.90096871e-01 -6.57197522e+00 
 2.93649574e-01 -6.52692154e+00 
 2.97109870e-01 -6.48320591e+00 
 3.00482663e-01 -6.44077285e+00 
 3.03772572e-01 -6.39956857e+00 
 3.06983944e-01 -6.35954107e+00 
 3.10120864e-01 -6.32064031e+00 
 3.13187170e-01 -6.28281826e+00 
 3.16186463e-01 -6.24602892e+00 
 3.19122123e-01 -6.21022832e+00 
 3.21997324e-01 -6.17537452e+00 
 3.24815041e-01 -6.14142753e+00 
 3.27578068e-01 -6.10834929e+00 
 3.30289026e-01 -6.07610358e+00 
 3.32950379e-01 -6.04465597e+00 
 3.35564438e-01 -6.01397374e+00 
 3.38133378e-01 -5.98402580e+00 
 3.40659243e-01 -5.95478261e+00 
 3.43143956e-01 -5.92621611e+00 
 3.45589326e-01 -5.89829967e+00 
 3.47997059e-01 -5.87100797e+00 
 3.50368762e-01 -5.84431694e+00 
 3.52705949e-01 -5.81820375e+00 
 3.55010052e-01 -5.79264665e+00 
 3.57282421e-01 -5.76762498e+00 
 3.59524331e-01 -5.74311911e+00 
 3.61736991e-01 -5.71911032e+00 
 3.63921541e-01 -5.69558082e+00 
 3.66079064e-01 -5.67251367e+00 
 3.68210583e-01 -5.64989272e+00 
 3.70317071e-01 -5.62770257e+00 
 3.72399448e-01 -5.60592857e+00 
 3.74458590e-01 -5.58455672e+00 
 3.76495328e-01 -5.56357366e+00 
 3.78510453e-01 -5.54296665e+00 
 3.80504715e-01 -5.52272350e+00 
 3.82478830e-01 -5.50283258e+00 
 3.84433481e-01 -5.48328277e+00 
 3.86369314e-01 -5.46406341e+00 
 3.88286951e-01 -5.44516434e+00 
 3.90186982e-01 -5.42657579e+00 
 3.92069970e-01 -5.40828843e+00 
 3.93936454e-01 -5.39029331e+00 
 3.95786948e-01 -5.37258185e+00 
 3.97621946e-01 -5.35514584e+00 
 3.99441917e-01 -5.33797736e+00 
 4.01247313e-01 -5.32106886e+00 
 4.03038565e-01 -5.30441304e+00 
 4.04816087e-01 -5.28800292e+00 
 4.06580275e-01 -5.27183178e+00 
 4.08331510e-01 -5.25589316e+00 
 4.10070157e-01 -5.24018084e+00 
 4.11796566e-01 -5.22468885e+00 
 4.13511074e-01 -5.20941142e+00 
 4.15214004e-01 -5.19434302e+00 
 4.16905667e-01 -5.17947830e+00 
 4.18586363e-01 -5.16481211e+00 
 4.20256378e-01 -5.15033949e+00 
 4.21915991e-01 -5.13605565e+00 
 4.23565468e-01 -5.12195598e+00 
 4.25205065e-01 -5.10803601e+00 
 4.26835031e-01 -5.09429145e+00 
 4.28455604e-01 -5.08071812e+00 
 4.30067016e-01 -5.06731203e+00 
 4.31669487e-01 -5.05406927e+00 
 4.33263233e-01 -5.04098610e+00 
 4.34848461e-01 -5.02805890e+00 
 4.36425370e-01 -5.01528414e+00 
 4.37994155e-01 -5.00265843e+00 
 4.39555002e-01 -4.99017847e+00 
 4.41108093e-01 -4.97784109e+00 
 4.42653600e-01 -4.96564319e+00 
 4.44191695e-01 -4.95358179e+00 
 4.45722541e-01 -4.94165398e+00 
 4.47246296e-01 -4.92985696e+00 
 4.48763113e-01 -4.91818800e+00 
 4.50273143e-01 -4.90664446e+00 
 4.51776527e-01 -4.89522377e+00 
 4.53273407e-01 -4.88392345e+00 
 4.54763918e-01 -4.87274108e+00 
 4.56248192e-01 -4.86167430e+00 
 4.57726355e-01 -4.85072086e+00 
 4.59198531e-01 -4.83987852e+00 
 4.60664841e-01 -4.82914513e+00 
 4.62125402e-01 -4.81851862e+00 
 4.63580326e-01 -4.80799694e+00 
 4.65029723e-01 -4.79757811e+00 
 4.66473701e-01 -4.78726021e+00 
 4.67912364e-01 -4.77704138e+00 
 4.69345812e-01 -4.76691978e+00 
 4.70774143e-01 -4.75689365e+00 
 4.72197454e-01 -4.74696126e+00 
 4.73615837e-01 -4.73712093e+00 
 4.75029383e-01 -4.72737102e+00 
 4.76438179e-01 -4.71770994e+00 
 4.77842313e-01 -4.70813614e+00 
 4.79241866e-01 -4.69864810e+00 
 4.80636920e-01 -4.68924434e+00 
 4.82027556e-01 -4.67992343e+00 
 4.83413849e-01 -4.67068395e+00 
 4.84795875e-01 -4.66152456e+00 
 4.86173707e-01 -4.65244389e+00 
 4.87547417e-01 -4.64344066e+00 
 4.88917075e-01 -4.63451360e+00 
 4.90282749e-01 -4.62566145e+00 
 4.91644504e-01 -4.61688302e+00 
 4.93002406e-01 -4.60817711e+00 
 4.94356518e-01 -4.59954257e+00 
 4.95706902e-01 -4.59097827e+00 
 4.97053617e-01 -4.58248311e+00 
 4.98396722e-01 -4.57405601e+00 
 4.99736276e-01 -4.56569592e+00 
 5.01072334e-01 -4.55740181e+00 
 5.02404950e-01 -4.54917268e+00 
 5.03734179e-01 -4.54100753e+00 
 5.05060073e-01 -4.53290541e+00 
 5.06382682e-01 -4.52486537e+00 
 5.07702057e-01 -4.51688650e+00 
 5.09018247e-01 -4.50896790e+00 
 5.10331299e-01 -4.50110868e+00 
 5.11641260e-01 -4.49330799e+00 
 5.12948177e-01 -4.48556497e+00 
 5.14252093e-01 -4.47787880e+00 
 5.15553052e-01 -4.47024868e+00 
 5.16851098e-01 -4.46267381e+00 
 5.18146272e-01 -4.45515342e+00 
 5.19438616e-01 -4.44768674e+00 
 5.20728169e-01 -4.44027303e+00 
 5.22014971e-01 -4.43291157e+00 
 5.23299060e-01 -4.42560163e+00 
 5.24580475e-01 -4.41834253e+00 
 5.25859252e-01 -4.41113356e+00 
 5.27135427e-01 -4.40397407e+00 
 5.28409036e-01 -4.39686339e+00 
 5.29680114e-01 -4.38980087e+00 
 5.30948694e-01 -4.38278588e+00 
 5.32214811e-01 -4.37581780e+00 
 5.33478497e-01 -4.36889602e+00 
 5.34739784e-01 -4.36201994e+00 
 5.35998704e-01 -4.35518897e+00 
 5.37255287e-01 -4.34840254e+00 
 5.38509565e-01 -4.34166009e+00 
 5.39761566e-01 -4.33496105e+00 
 5.41011319e-01 -4.32830489e+00 
 5.42258854e-01 -4.32169107e+00 
 5.43504199e-01 -4.31511907e+00 
 5.44747381e-01 -4.30858837e+00 
 5.45988427e-01 -4.30209846e+00 
 5.47227364e-01 -4.29564886e+00 
 5.48464217e-01 -4.28923906e+00 
 5.49699013e-01 -4.28286860e+00 
 5.50931776e-01 -4.27653701e+00 
 5.52162532e-01 -4.27024381e+00 
 5.53391304e-01 -4.26398856e+00 
 5.54618116e-01 -4.25777081e+00 
 5.55842992e-01 -4.25159012e+00 
 5.57065955e-01 -4.24544606e+00 
 5.58287027e-01 -4.23933821e+00 
