 8.88345976e-03 -1.14026906e+01 
 1.77319318e-02 -1.06939970e+01 
 2.65401526e-02 -1.02717010e+01 
 3.53022037e-02 -9.96583195e+00 
 4.40114774e-02 -9.72308073e+00 
 5.26606510e-02 -9.51967531e+00 
 6.12416814e-02 -9.34292151e+00 
 6.97458221e-02 -9.18524025e+00 
 7.81636696e-02 -9.04175182e+00 
 8.64852430e-02 -8.90914327e+00 
 9.47001019e-02 -8.78507930e+00 
 1.02797503e-01 -8.66787093e+00 
 1.10766595e-01 -8.55627683e+00 
 1.18596641e-01 -8.44937761e+00 
 1.26277275e-01 -8.34649201e+00 
 1.33798751e-01 -8.24711837e+00 
 1.41152201e-01 -8.15089178e+00 
 1.48329867e-01 -8.05755141e+00 
 1.55325288e-01 -7.96691479e+00 
 1.62133444e-01 -7.87885718e+00 
 1.68750845e-01 -7.79329483e+00 
 1.75175543e-01 -7.71017155e+00 
 1.81407105e-01 -7.62944813e+00 
 1.87446520e-01 -7.55109414e+00 
 1.93296073e-01 -7.47508200e+00 
 1.98959188e-01 -7.40138278e+00 
 2.04440253e-01 -7.32996358e+00 
 2.09744443e-01 -7.26078606e+00 
 2.14877543e-01 -7.19380593e+00 
 2.19845787e-01 -7.12897302e+00 
 2.24655707e-01 -7.06623189e+00 
 2.29314008e-01 -7.00552256e+00 
 2.33827453e-01 -6.94678152e+00 
 2.38202775e-01 -6.88994262e+00 
 2.42446604e-01 -6.83493804e+00 
 2.46565410e-01 -6.78169909e+00 
 2.50565458e-01 -6.73015701e+00 
 2.54452783e-01 -6.68024355e+00 
 2.58233164e-01 -6.63189150e+00 
 2.61912116e-01 -6.58503514e+00 
 2.65494880e-01 -6.53961052e+00 
 2.68986427e-01 -6.49555575e+00 
 2.72391461e-01 -6.45281111e+00 
 2.75714423e-01 -6.41131923e+00 
 2.78959501e-01 -6.37102510e+00 
 2.82130641e-01 -6.33187612e+00 
 2.85231556e-01 -6.29382208e+00 
 2.88265742e-01 -6.25681512e+00 
 2.91236483e-01 -6.22080970e+00 
 2.94146868e-01 -6.18576250e+00 
 2.96999804e-01 -6.15163238e+00 
 2.99798019e-01 -6.11838024e+00 
 3.02544082e-01 -6.08596901e+00 
 3.05240409e-01 -6.05436349e+00 
 3.07889272e-01 -6.02353029e+00 
 3.10492810e-01 -5.99343773e+00 
 3.13053038e-01 -5.96405577e+00 
 3.15571854e-01 -5.93535591e+00 
 3.18051047e-01 -5.90731109e+00 
 3.20492305e-01 -5.87989564e+00 
 3.22897219e-01 -5.85308519e+00 
 3.25267294e-01 -5.82685660e+00 
 3.27603949e-01 -5.80118788e+00 
 3.29908530e-01 -5.77605815e+00 
 3.32182304e-01 -5.75144753e+00 
 3.34426477e-01 -5.72733715e+00 
 3.36642186e-01 -5.70370904e+00 
 3.38830511e-01 -5.68054608e+00 
 3.40992477e-01 -5.65783199e+00 
 3.43129055e-01 -5.63555125e+00 
 3.45241167e-01 -5.61368906e+00 
 3.47329691e-01 -5.59223133e+00 
 3.49395460e-01 -5.57116458e+00 
 3.51439267e-01 -5.55047598e+00 
 3.53461867e-01 -5.53015326e+00 
 3.55463979e-01 -5.51018468e+00 
 3.57446287e-01 -5.49055905e+00 
 3.59409446e-01 -5.47126566e+00 
 3.61354078e-01 -5.45229424e+00 
 3.63280779e-01 -5.43363499e+00 
 3.65190116e-01 -5.41527850e+00 
 3.67082635e-01 -5.39721577e+00 
 3.68958853e-01 -5.37943817e+00 
 3.70819268e-01 -5.36193741e+00 
 3.72664355e-01 -5.34470556e+00 
 3.74494570e-01 -5.32773499e+00 
 3.76310350e-01 -5.31101838e+00 
 3.78112113e-01 -5.29454870e+00 
 3.79900261e-01 -5.27831919e+00 
 3.81675178e-01 -5.26232335e+00 
 3.83437235e-01 -5.24655493e+00 
 3.85186786e-01 -5.23100791e+00 
 3.86924173e-01 -5.21567651e+00 
 3.88649724e-01 -5.20055515e+00 
 3.90363754e-01 -5.18563845e+00 
 3.92066567e-01 -5.17092125e+00 
 3.93758454e-01 -5.15639854e+00 
 3.95439699e-01 -5.14206552e+00 
 3.97110570e-01 -5.12791754e+00 
 3.98771331e-01 -5.11395012e+00 
 4.00422231e-01 -5.10015893e+00 
 4.02063515e-01 -5.08653979e+00 
 4.03695417e-01 -5.07308866e+00 
 4.05318162e-01 -5.05980163e+00 
 4.06931970e-01 -5.04667495e+00 
 4.08537051e-01 -5.03370494e+00 
 4.10133608e-01 -5.02088809e+00 
 4.11721839e-01 -5.00822097e+00 
 4.13301935e-01 -4.99570028e+00 
 4.14874079e-01 -4.98332282e+00 
 4.16438449e-01 -4.97108547e+00 
 4.17995219e-01 -4.95898525e+00 
 4.19544554e-01 -4.94701923e+00 
 4.21086617e-01 -4.93518458e+00 
 4.22621565e-01 -4.92347858e+00 
 4.24149549e-01 -4.91189856e+00 
 4.25670716e-01 -4.90044194e+00 
 4.27185209e-01 -4.88910623e+00 
 4.28693166e-01 -4.87788899e+00 
 4.30194721e-01 -4.86678787e+00 
 4.31690005e-01 -4.85580057e+00 
 4.33179144e-01 -4.84492487e+00 
 4.34662261e-01 -4.83415861e+00 
 4.36139475e-01 -4.82349969e+00 
 4.37610901e-01 -4.81294605e+00 
 4.39076652e-01 -4.80249572e+00 
 4.40536838e-01 -4.79214677e+00 
 4.41991565e-01 -4.78189730e+00 
 4.43440935e-01 -4.77174549e+00 
 4.44885050e-01 -4.76168956e+00 
 4.46324007e-01 -4.75172778e+00 
 4.47757902e-01 -4.74185844e+00 
 4.49186827e-01 -4.73207992e+00 
 4.50610872e-01 -4.72239061e+00 
 4.52030124e-01 -4.71278894e+00 
 4.53444671e-01 -4.70327340e+00 
 4.54854593e-01 -4.69384250e+00 
 4.56259974e-01 -4.68449479e+00 
 4.57660891e-01 -4.67522887e+00 
 4.59057422e-01 -4.66604335e+00 
 4.60449642e-01 -4.65693690e+00 
 4.61837624e-01 -4.64790821e+00 
 4.63221439e-01 -4.63895599e+00 
 4.64601158e-01 -4.63007901e+00 
 4.65976848e-01 -4.62127604e+00 
 4.67348576e-01 -4.61254590e+00 
 4.68716406e-01 -4.60388742e+00 
 4.70080402e-01 -4.59529946e+00 
 4.71440625e-01 -4.58678093e+00 
 4.72797135e-01 -4.57833074e+00 
 4.74149992e-01 -4.56994783e+00 
 4.75499253e-01 -4.56163117e+00 
 4.76844974e-01 -4.55337974e+00 
 4.78187210e-01 -4.54519256e+00 
 4.79526014e-01 -4.53706866e+00 
 4.80861440e-01 -4.52900709e+00 
 4.82193538e-01 -4.52100694e+00 
 4.83522358e-01 -4.51306729e+00 
 4.84847951e-01 -4.50518726e+00 
 4.86170362e-01 -4.49736598e+00 
 4.87489640e-01 -4.48960262e+00 
 4.88805831e-01 -4.48189632e+00 
 4.90118979e-01 -4.47424630e+00 
 4.91429128e-01 -4.46665174e+00 
 4.92736322e-01 -4.45911187e+00 
 4.94040602e-01 -4.45162592e+00 
 4.95342009e-01 -4.44419315e+00 
 4.96640585e-01 -4.43681283e+00 
 4.97936369e-01 -4.42948424e+00 
 4.99229399e-01 -4.42220667e+00 
 5.00519714e-01 -4.41497943e+00 
 5.01807350e-01 -4.40780186e+00 
 5.03092345e-01 -4.40067328e+00 
 5.04374734e-01 -4.39359306e+00 
 5.05654551e-01 -4.38656054e+00 
 5.06931832e-01 -4.37957511e+00 
 5.08206610e-01 -4.37263615e+00 
 5.09478917e-01 -4.36574307e+00 
 5.10748787e-01 -4.35889527e+00 
 5.12016251e-01 -4.35209218e+00 
 5.13281341e-01 -4.34533322e+00 
 5.14544086e-01 -4.33861785e+00 
 5.15804517e-01 -4.33194551e+00 
 5.17062663e-01 -4.32531567e+00 
 5.18318553e-01 -4.31872780e+00 
 5.19572215e-01 -4.31218138e+00 
 5.20823678e-01 -4.30567591e+00 
 5.22072968e-01 -4.29921089e+00 
 5.23320113e-01 -4.29278583e+00 
 5.24565138e-01 -4.28640024e+00 
 5.25808069e-01 -4.28005366e+00 
 5.27048933e-01 -4.27374562e+00 
 5.28287753e-01 -4.26747566e+00 
 5.29524554e-01 -4.26124334e+00 
 5.30759361e-01 -4.25504822e+00 
 5.31992197e-01 -4.24888986e+00 
 5.33223084e-01 -4.24276783e+00 
 5.34452047e-01 -4.23668173e+00 
 5.35679107e-01 -4.23063113e+00 
 5.36904287e-01 -4.22461564e+00 
