 8.71761249e-03 -1.12642019e+01 
 1.73781192e-02 -1.05490336e+01 
 2.59740676e-02 -1.01201689e+01 
 3.44973533e-02 -9.80769628e+00 
 4.29392631e-02 -9.55837605e+00 
 5.12905331e-02 -9.34851488e+00 
 5.95414449e-02 -9.16550515e+00 
 6.76819549e-02 -9.00186020e+00 
 7.57018554e-02 -8.85279568e+00 
 8.35909659e-02 -8.71509342e+00 
 9.13393476e-02 -8.58650831e+00 
 9.89375305e-02 -8.46543270e+00 
 1.06376742e-01 -8.35069371e+00 
 1.13649121e-01 -8.24142382e+00 
 1.20747910e-01 -8.13697445e+00 
 1.27667605e-01 -8.03685579e+00 
 1.34404057e-01 -7.94069381e+00 
 1.40954529e-01 -7.84819858e+00 
 1.47317691e-01 -7.75914093e+00 
 1.53493571e-01 -7.67333491e+00 
 1.59483471e-01 -7.59062487e+00 
 1.65289835e-01 -7.51087594e+00 
 1.70916112e-01 -7.43396721e+00 
 1.76366599e-01 -7.35978696e+00 
 1.81646278e-01 -7.28822945e+00 
 1.86760668e-01 -7.21919287e+00 
 1.91715679e-01 -7.15257812e+00 
 1.96517480e-01 -7.08828820e+00 
 2.01172391e-01 -7.02622795e+00 
 2.05686782e-01 -6.96630412e+00 
 2.10066996e-01 -6.90842546e+00 
 2.14319280e-01 -6.85250299e+00 
 2.18449738e-01 -6.79845020e+00 
 2.22464292e-01 -6.74618328e+00 
 2.26368653e-01 -6.69562134e+00 
 2.30168301e-01 -6.64668648e+00 
 2.33868476e-01 -6.59930396e+00 
 2.37474169e-01 -6.55340221e+00 
 2.40990125e-01 -6.50891288e+00 
 2.44420839e-01 -6.46577079e+00 
 2.47770569e-01 -6.42391389e+00 
 2.51043337e-01 -6.38328321e+00 
 2.54242939e-01 -6.34382276e+00 
 2.57372958e-01 -6.30547941e+00 
 2.60436770e-01 -6.26820283e+00 
 2.63437555e-01 -6.23194530e+00 
 2.66378311e-01 -6.19666166e+00 
 2.69261859e-01 -6.16230914e+00 
 2.72090860e-01 -6.12884728e+00 
 2.74867815e-01 -6.09623775e+00 
 2.77595086e-01 -6.06444429e+00 
 2.80274895e-01 -6.03343259e+00 
 2.82909339e-01 -6.00317015e+00 
 2.85500394e-01 -5.97362618e+00 
 2.88049927e-01 -5.94477154e+00 
 2.90559696e-01 -5.91657861e+00 
 2.93031366e-01 -5.88902120e+00 
 2.95466508e-01 -5.86207449e+00 
 2.97866606e-01 -5.83571494e+00 
 3.00233066e-01 -5.80992018e+00 
 3.02567217e-01 -5.78466899e+00 
 3.04870320e-01 -5.75994123e+00 
 3.07143567e-01 -5.73571772e+00 
 3.09388091e-01 -5.71198026e+00 
 3.11604964e-01 -5.68871150e+00 
 3.13795205e-01 -5.66589497e+00 
 3.15959783e-01 -5.64351495e+00 
 3.18099617e-01 -5.62155648e+00 
 3.20215582e-01 -5.60000528e+00 
 3.22308511e-01 -5.57884777e+00 
 3.24379196e-01 -5.55807095e+00 
 3.26428392e-01 -5.53766244e+00 
 3.28456818e-01 -5.51761039e+00 
 3.30465161e-01 -5.49790349e+00 
 3.32454075e-01 -5.47853093e+00 
 3.34424186e-01 -5.45948236e+00 
 3.36376091e-01 -5.44074787e+00 
 3.38310360e-01 -5.42231800e+00 
 3.40227540e-01 -5.40418365e+00 
 3.42128152e-01 -5.38633613e+00 
 3.44012698e-01 -5.36876708e+00 
 3.45881654e-01 -5.35146850e+00 
 3.47735481e-01 -5.33443271e+00 
 3.49574617e-01 -5.31765232e+00 
 3.51399485e-01 -5.30112026e+00 
 3.53210490e-01 -5.28482972e+00 
 3.55008020e-01 -5.26877414e+00 
 3.56792448e-01 -5.25294723e+00 
 3.58564132e-01 -5.23734294e+00 
 3.60323418e-01 -5.22195543e+00 
 3.62070638e-01 -5.20677909e+00 
 3.63806109e-01 -5.19180851e+00 
 3.65530139e-01 -5.17703847e+00 
 3.67243024e-01 -5.16246396e+00 
 3.68945048e-01 -5.14808013e+00 
 3.70636486e-01 -5.13388230e+00 
 3.72317602e-01 -5.11986596e+00 
 3.73988652e-01 -5.10602675e+00 
 3.75649881e-01 -5.09236047e+00 
 3.77301528e-01 -5.07886306e+00 
 3.78943821e-01 -5.06553057e+00 
 3.80576981e-01 -5.05235923e+00 
 3.82201224e-01 -5.03934535e+00 
 3.83816756e-01 -5.02648538e+00 
 3.85423776e-01 -5.01377588e+00 
 3.87022479e-01 -5.00121354e+00 
 3.88613050e-01 -4.98879511e+00 
 3.90195672e-01 -4.97651749e+00 
 3.91770520e-01 -4.96437765e+00 
 3.93337763e-01 -4.95237265e+00 
 3.94897565e-01 -4.94049967e+00 
 3.96450087e-01 -4.92875593e+00 
 3.97995482e-01 -4.91713878e+00 
 3.99533900e-01 -4.90564561e+00 
 4.01065486e-01 -4.89427392e+00 
 4.02590381e-01 -4.88302125e+00 
 4.04108722e-01 -4.87188524e+00 
 4.05620641e-01 -4.86086358e+00 
 4.07126266e-01 -4.84995404e+00 
 4.08625724e-01 -4.83915444e+00 
 4.10119135e-01 -4.82846267e+00 
 4.11606617e-01 -4.81787667e+00 
 4.13088286e-01 -4.80739444e+00 
 4.14564251e-01 -4.79701404e+00 
 4.16034623e-01 -4.78673358e+00 
 4.17499505e-01 -4.77655122e+00 
 4.18959001e-01 -4.76646516e+00 
 4.20413211e-01 -4.75647367e+00 
 4.21862230e-01 -4.74657504e+00 
 4.23306155e-01 -4.73676763e+00 
 4.24745076e-01 -4.72704981e+00 
 4.26179084e-01 -4.71742003e+00 
 4.27608265e-01 -4.70787674e+00 
 4.29032705e-01 -4.69841847e+00 
 4.30452486e-01 -4.68904375e+00 
 4.31867690e-01 -4.67975117e+00 
 4.33278394e-01 -4.67053934e+00 
 4.34684676e-01 -4.66140692e+00 
 4.36086611e-01 -4.65235258e+00 
 4.37484270e-01 -4.64337506e+00 
 4.38877727e-01 -4.63447308e+00 
 4.40267049e-01 -4.62564543e+00 
 4.41652305e-01 -4.61689091e+00 
 4.43033561e-01 -4.60820836e+00 
 4.44410882e-01 -4.59959663e+00 
 4.45784331e-01 -4.59105461e+00 
 4.47153969e-01 -4.58258122e+00 
 4.48519857e-01 -4.57417538e+00 
 4.49882053e-01 -4.56583607e+00 
 4.51240615e-01 -4.55756226e+00 
 4.52595599e-01 -4.54935296e+00 
 4.53947060e-01 -4.54120720e+00 
 4.55295052e-01 -4.53312403e+00 
 4.56639626e-01 -4.52510252e+00 
 4.57980836e-01 -4.51714176e+00 
 4.59318729e-01 -4.50924086e+00 
 4.60653357e-01 -4.50139895e+00 
 4.61984766e-01 -4.49361518e+00 
 4.63313003e-01 -4.48588872e+00 
 4.64638116e-01 -4.47821875e+00 
 4.65960148e-01 -4.47060446e+00 
 4.67279145e-01 -4.46304508e+00 
 4.68595148e-01 -4.45553983e+00 
 4.69908200e-01 -4.44808798e+00 
 4.71218343e-01 -4.44068878e+00 
 4.72525618e-01 -4.43334150e+00 
 4.73830063e-01 -4.42604545e+00 
 4.75131718e-01 -4.41879993e+00 
 4.76430621e-01 -4.41160427e+00 
 4.77726809e-01 -4.40445779e+00 
 4.79020319e-01 -4.39735984e+00 
 4.80311187e-01 -4.39030980e+00 
 4.81599448e-01 -4.38330701e+00 
 4.82885136e-01 -4.37635088e+00 
 4.84168286e-01 -4.36944080e+00 
 4.85448930e-01 -4.36257617e+00 
 4.86727102e-01 -4.35575642e+00 
 4.88002832e-01 -4.34898097e+00 
 4.89276153e-01 -4.34224927e+00 
 4.90547095e-01 -4.33556077e+00 
 4.91815688e-01 -4.32891492e+00 
 4.93081961e-01 -4.32231120e+00 
 4.94345945e-01 -4.31574909e+00 
 4.95607667e-01 -4.30922807e+00 
 4.96867156e-01 -4.30274766e+00 
 4.98124438e-01 -4.29630735e+00 
 4.99379541e-01 -4.28990666e+00 
 5.00632492e-01 -4.28354512e+00 
 5.01883316e-01 -4.27722226e+00 
 5.03132038e-01 -4.27093763e+00 
 5.04378685e-01 -4.26469076e+00 
 5.05623281e-01 -4.25848123e+00 
 5.06865850e-01 -4.25230860e+00 
 5.08106416e-01 -4.24617243e+00 
 5.09345002e-01 -4.24007232e+00 
 5.10581631e-01 -4.23400783e+00 
 5.11816326e-01 -4.22797858e+00 
 5.13049109e-01 -4.22198416e+00 
 5.14280002e-01 -4.21602418e+00 
 5.15509027e-01 -4.21009825e+00 
