 8.45556521e-03 -1.10782675e+01 
 1.68247017e-02 -1.03575239e+01 
 2.50983169e-02 -9.92334682e+00 
 3.32669798e-02 -9.60590166e+00 
 4.13210867e-02 -9.35202914e+00 
 4.92510056e-02 -9.13811326e+00 
 5.70472675e-02 -8.95161869e+00 
 6.47007657e-02 -8.78512269e+00 
 7.22029609e-02 -8.63389336e+00 
 7.95460778e-02 -8.49475081e+00 
 8.67232854e-02 -8.36547198e+00 
 9.37288459e-02 -8.24445393e+00 
 1.00558227e-01 -8.13051096e+00 
 1.07208172e-01 -8.02274614e+00 
 1.13676721e-01 -7.92046663e+00 
 1.19963188e-01 -7.82312613e+00 
 1.26068105e-01 -7.73028488e+00 
 1.31993126e-01 -7.64158125e+00 
 1.37740907e-01 -7.55671155e+00 
 1.43314977e-01 -7.47541543e+00 
 1.48719596e-01 -7.39746535e+00 
 1.53959615e-01 -7.32265902e+00 
 1.59040339e-01 -7.25081391e+00 
 1.63967405e-01 -7.18176333e+00 
 1.68746666e-01 -7.11535361e+00 
 1.73384098e-01 -7.05144204e+00 
 1.77885711e-01 -6.98989539e+00 
 1.82257483e-01 -6.93058883e+00 
 1.86505301e-01 -6.87340507e+00 
 1.90634918e-01 -6.81823380e+00 
 1.94651919e-01 -6.76497112e+00 
 1.98561696e-01 -6.71351912e+00 
 2.02369431e-01 -6.66378555e+00 
 2.06080084e-01 -6.61568349e+00 
 2.09698391e-01 -6.56913101e+00 
 2.13228859e-01 -6.52405095e+00 
 2.16675767e-01 -6.48037062e+00 
 2.20043175e-01 -6.43802153e+00 
 2.23334926e-01 -6.39693921e+00 
 2.26554654e-01 -6.35706292e+00 
 2.29705794e-01 -6.31833547e+00 
 2.32791590e-01 -6.28070298e+00 
 2.35815105e-01 -6.24411469e+00 
 2.38779227e-01 -6.20852278e+00 
 2.41686682e-01 -6.17388218e+00 
 2.44540044e-01 -6.14015039e+00 
 2.47341740e-01 -6.10728733e+00 
 2.50094059e-01 -6.07525519e+00 
 2.52799164e-01 -6.04401827e+00 
 2.55459095e-01 -6.01354287e+00 
 2.58075782e-01 -5.98379714e+00 
 2.60651044e-01 -5.95475099e+00 
 2.63186605e-01 -5.92637595e+00 
 2.65684092e-01 -5.89864508e+00 
 2.68145046e-01 -5.87153288e+00 
 2.70570926e-01 -5.84501519e+00 
 2.72963111e-01 -5.81906913e+00 
 2.75322911e-01 -5.79367297e+00 
 2.77651566e-01 -5.76880612e+00 
 2.79950254e-01 -5.74444902e+00 
 2.82220091e-01 -5.72058309e+00 
 2.84462139e-01 -5.69719067e+00 
 2.86677405e-01 -5.67425495e+00 
 2.88866848e-01 -5.65175996e+00 
 2.91031380e-01 -5.62969049e+00 
 2.93171867e-01 -5.60803203e+00 
 2.95289137e-01 -5.58677077e+00 
 2.97383977e-01 -5.56589353e+00 
 2.99457138e-01 -5.54538774e+00 
 3.01509335e-01 -5.52524139e+00 
 3.03541253e-01 -5.50544302e+00 
 3.05553543e-01 -5.48598167e+00 
 3.07546829e-01 -5.46684686e+00 
 3.09521707e-01 -5.44802857e+00 
 3.11478748e-01 -5.42951719e+00 
 3.13418496e-01 -5.41130354e+00 
 3.15341474e-01 -5.39337882e+00 
 3.17248182e-01 -5.37573458e+00 
 3.19139099e-01 -5.35836274e+00 
 3.21014685e-01 -5.34125552e+00 
 3.22875380e-01 -5.32440548e+00 
 3.24721607e-01 -5.30780545e+00 
 3.26553773e-01 -5.29144856e+00 
 3.28372268e-01 -5.27532819e+00 
 3.30177466e-01 -5.25943799e+00 
 3.31969727e-01 -5.24377185e+00 
 3.33749398e-01 -5.22832387e+00 
 3.35516813e-01 -5.21308840e+00 
 3.37272292e-01 -5.19805998e+00 
 3.39016144e-01 -5.18323334e+00 
 3.40748667e-01 -5.16860342e+00 
 3.42470148e-01 -5.15416533e+00 
 3.44180863e-01 -5.13991436e+00 
 3.45881079e-01 -5.12584596e+00 
 3.47571053e-01 -5.11195574e+00 
 3.49251033e-01 -5.09823945e+00 
 3.50921260e-01 -5.08469300e+00 
 3.52581964e-01 -5.07131242e+00 
 3.54233370e-01 -5.05809390e+00 
 3.55875693e-01 -5.04503373e+00 
 3.57509142e-01 -5.03212834e+00 
 3.59133920e-01 -5.01937425e+00 
 3.60750223e-01 -5.00676812e+00 
 3.62358238e-01 -4.99430669e+00 
 3.63958150e-01 -4.98198683e+00 
 3.65550136e-01 -4.96980550e+00 
 3.67134368e-01 -4.95775973e+00 
 3.68711011e-01 -4.94584666e+00 
 3.70280228e-01 -4.93406353e+00 
 3.71842175e-01 -4.92240765e+00 
 3.73397003e-01 -4.91087639e+00 
 3.74944860e-01 -4.89946724e+00 
 3.76485887e-01 -4.88817772e+00 
 3.78020225e-01 -4.87700545e+00 
 3.79548007e-01 -4.86594812e+00 
 3.81069364e-01 -4.85500346e+00 
 3.82584422e-01 -4.84416930e+00 
 3.84093305e-01 -4.83344350e+00 
 3.85596133e-01 -4.82282400e+00 
 3.87093021e-01 -4.81230878e+00 
 3.88584084e-01 -4.80189589e+00 
 3.90069431e-01 -4.79158342e+00 
 3.91549169e-01 -4.78136952e+00 
 3.93023403e-01 -4.77125240e+00 
 3.94492233e-01 -4.76123029e+00 
 3.95955758e-01 -4.75130149e+00 
 3.97414075e-01 -4.74146433e+00 
 3.98867276e-01 -4.73171720e+00 
 4.00315454e-01 -4.72205851e+00 
 4.01758696e-01 -4.71248672e+00 
 4.03197089e-01 -4.70300034e+00 
 4.04630718e-01 -4.69359789e+00 
 4.06059664e-01 -4.68427797e+00 
 4.07484008e-01 -4.67503916e+00 
 4.08903827e-01 -4.66588013e+00 
 4.10319198e-01 -4.65679953e+00 
 4.11730195e-01 -4.64779609e+00 
 4.13136891e-01 -4.63886854e+00 
 4.14539357e-01 -4.63001565e+00 
 4.15937661e-01 -4.62123622e+00 
 4.17331870e-01 -4.61252907e+00 
 4.18722052e-01 -4.60389305e+00 
 4.20108270e-01 -4.59532706e+00 
 4.21490586e-01 -4.58682999e+00 
 4.22869062e-01 -4.57840077e+00 
 4.24243759e-01 -4.57003836e+00 
 4.25614734e-01 -4.56174174e+00 
 4.26982046e-01 -4.55350990e+00 
 4.28345749e-01 -4.54534188e+00 
 4.29705899e-01 -4.53723671e+00 
 4.31062549e-01 -4.52919347e+00 
 4.32415752e-01 -4.52121124e+00 
 4.33765558e-01 -4.51328911e+00 
 4.35112019e-01 -4.50542623e+00 
 4.36455182e-01 -4.49762173e+00 
 4.37795096e-01 -4.48987477e+00 
 4.39131807e-01 -4.48218454e+00 
 4.40465363e-01 -4.47455022e+00 
 4.41795807e-01 -4.46697104e+00 
 4.43123183e-01 -4.45944621e+00 
 4.44447536e-01 -4.45197499e+00 
 4.45768907e-01 -4.44455664e+00 
 4.47087338e-01 -4.43719043e+00 
 4.48402868e-01 -4.42987565e+00 
 4.49715539e-01 -4.42261161e+00 
 4.51025388e-01 -4.41539761e+00 
 4.52332454e-01 -4.40823300e+00 
 4.53636775e-01 -4.40111712e+00 
 4.54938386e-01 -4.39404933e+00 
 4.56237325e-01 -4.38702899e+00 
 4.57533625e-01 -4.38005548e+00 
 4.58827323e-01 -4.37312820e+00 
 4.60118451e-01 -4.36624656e+00 
 4.61407044e-01 -4.35940997e+00 
 4.62693133e-01 -4.35261785e+00 
 4.63976750e-01 -4.34586965e+00 
 4.65257928e-01 -4.33916481e+00 
 4.66536696e-01 -4.33250279e+00 
 4.67813086e-01 -4.32588307e+00 
 4.69087127e-01 -4.31930511e+00 
 4.70358847e-01 -4.31276840e+00 
 4.71628277e-01 -4.30627245e+00 
 4.72895443e-01 -4.29981676e+00 
 4.74160373e-01 -4.29340084e+00 
 4.75423095e-01 -4.28702421e+00 
 4.76683635e-01 -4.28068641e+00 
 4.77942019e-01 -4.27438697e+00 
 4.79198273e-01 -4.26812545e+00 
 4.80452423e-01 -4.26190140e+00 
 4.81704492e-01 -4.25571438e+00 
 4.82954506e-01 -4.24956397e+00 
 4.84202488e-01 -4.24344973e+00 
 4.85448462e-01 -4.23737127e+00 
 4.86692451e-01 -4.23132816e+00 
 4.87934478e-01 -4.22532001e+00 
 4.89174565e-01 -4.21934642e+00 
 4.90412735e-01 -4.21340701e+00 
 4.91649008e-01 -4.20750140e+00 
 4.92883406e-01 -4.20162920e+00 
 4.94115950e-01 -4.19579005e+00 
