0.00000000e+00 -2.30075515e-11 
-2.00000000e-02 -2.30075515e-11 
-4.00000000e-02 -2.30075515e-11 
-6.00000000e-02 -2.30075515e-11 
-8.00000000e-02 -2.30075515e-11 
-1.00000000e-01 -2.30075515e-11 
-1.20000000e-01 -2.30075515e-11 
-1.40000000e-01 -2.30075515e-11 
-1.60000000e-01 -2.30075515e-11 
-1.80000000e-01 -2.30075515e-11 
-2.00000000e-01 -2.30075515e-11 
-2.20000000e-01 -2.30075515e-11 
-2.40000000e-01 -2.30075515e-11 
-2.60000000e-01 -2.30075515e-11 
-2.80000000e-01 -2.30075515e-11 
-3.00000000e-01 -2.30075515e-11 
-3.20000000e-01 -2.30075515e-11 
-3.40000000e-01 -2.30075515e-11 
-3.60000000e-01 -2.30075515e-11 
-3.80000000e-01 -2.30075515e-11 
-4.00000000e-01 -2.30075515e-11 
-4.20000000e-01 -2.30075515e-11 
-4.40000000e-01 -2.30075515e-11 
-4.60000000e-01 -2.30075515e-11 
-4.80000000e-01 -2.30075515e-11 
-5.00000000e-01 -2.30075515e-11 
-5.20000000e-01 -2.30075515e-11 
-5.40000000e-01 -2.30075515e-11 
-5.60000000e-01 -2.30075515e-11 
-5.80000000e-01 -5.37171318e-09 
-6.00000000e-01 -4.62417604e-08 
-6.20000000e-01 -1.27355008e-07 
-6.40000000e-01 -2.48711455e-07 
-6.60000000e-01 -4.10311102e-07 
-6.80000000e-01 -6.12153949e-07 
-7.00000000e-01 -8.54239996e-07 
-7.20000000e-01 -1.13656924e-06 
-7.40000000e-01 -1.45914169e-06 
-7.60000000e-01 -1.82195734e-06 
-7.80000000e-01 -2.21966748e-06 
-8.00000000e-01 -2.62209948e-06 
-8.20000000e-01 -3.02453148e-06 
-8.40000000e-01 -3.42696348e-06 
-8.60000000e-01 -3.82939548e-06 
-8.80000000e-01 -4.23182748e-06 
-9.00000000e-01 -4.63425948e-06 
-9.20000000e-01 -5.03669148e-06 
-9.40000000e-01 -5.43912348e-06 
-9.60000000e-01 -5.84155548e-06 
-9.80000000e-01 -6.24398748e-06 
-1.00000000e+00 -6.64641948e-06 
-1.02000000e+00 -7.04885148e-06 
-1.04000000e+00 -7.45128348e-06 
-1.06000000e+00 -7.85371548e-06 
-1.08000000e+00 -8.25614748e-06 
-1.10000000e+00 -8.65857948e-06 
-1.12000000e+00 -9.06101148e-06 
-1.14000000e+00 -9.46344348e-06 
-1.16000000e+00 -9.86587548e-06 
-1.18000000e+00 -1.02683075e-05 
-1.20000000e+00 -1.06707395e-05 
-1.22000000e+00 -1.10731715e-05 
-1.24000000e+00 -1.14756035e-05 
-1.26000000e+00 -1.18780355e-05 
-1.28000000e+00 -1.22804675e-05 
-1.30000000e+00 -1.26828995e-05 
-1.32000000e+00 -1.30853315e-05 
-1.34000000e+00 -1.34877635e-05 
-1.36000000e+00 -1.38901955e-05 
-1.38000000e+00 -1.42926275e-05 
-1.40000000e+00 -1.46950595e-05 
-1.42000000e+00 -1.50974915e-05 
-1.44000000e+00 -1.54999235e-05 
-1.46000000e+00 -1.59023555e-05 
-1.48000000e+00 -1.63047875e-05 
-1.50000000e+00 -1.67072195e-05 
-1.52000000e+00 -1.71096515e-05 
-1.54000000e+00 -1.75120835e-05 
-1.56000000e+00 -1.79145155e-05 
-1.58000000e+00 -1.83169475e-05 
-1.60000000e+00 -1.87193795e-05 
-1.62000000e+00 -1.91218115e-05 
-1.64000000e+00 -1.95242435e-05 
-1.66000000e+00 -1.99266755e-05 
-1.68000000e+00 -2.03291075e-05 
-1.70000000e+00 -2.07315395e-05 
-1.72000000e+00 -2.11339715e-05 
-1.74000000e+00 -2.15364035e-05 
-1.76000000e+00 -2.19388355e-05 
-1.78000000e+00 -2.23412675e-05 
-1.80000000e+00 -2.27436995e-05 
-1.82000000e+00 -2.31461315e-05 
-1.84000000e+00 -2.35485635e-05 
-1.86000000e+00 -2.39509955e-05 
-1.88000000e+00 -2.43534275e-05 
-1.90000000e+00 -2.47558595e-05 
-1.92000000e+00 -2.51582915e-05 
-1.94000000e+00 -2.55607235e-05 
-1.96000000e+00 -2.59631555e-05 
-1.98000000e+00 -2.63655875e-05 
-2.00000000e+00 -2.67680195e-05 
-2.02000000e+00 -2.71704515e-05 
-2.04000000e+00 -2.75728835e-05 
-2.06000000e+00 -2.79753155e-05 
-2.08000000e+00 -2.83777475e-05 
-2.10000000e+00 -2.87801795e-05 
-2.12000000e+00 -2.91826115e-05 
-2.14000000e+00 -2.95850435e-05 
-2.16000000e+00 -2.99874755e-05 
-2.18000000e+00 -3.03899075e-05 
-2.20000000e+00 -3.07923395e-05 
-2.22000000e+00 -3.11947715e-05 
-2.24000000e+00 -3.15972035e-05 
-2.26000000e+00 -3.19996355e-05 
-2.28000000e+00 -3.24020675e-05 
-2.30000000e+00 -3.28044995e-05 
-2.32000000e+00 -3.32069315e-05 
-2.34000000e+00 -3.36093635e-05 
-2.36000000e+00 -3.40117955e-05 
-2.38000000e+00 -3.44142275e-05 
-2.40000000e+00 -3.48166595e-05 
-2.42000000e+00 -3.52190915e-05 
-2.44000000e+00 -3.56215235e-05 
-2.46000000e+00 -3.60239555e-05 
-2.48000000e+00 -3.64263875e-05 
-2.50000000e+00 -3.68288195e-05 
-2.52000000e+00 -3.72312515e-05 
-2.54000000e+00 -3.76336835e-05 
-2.56000000e+00 -3.80361155e-05 
-2.58000000e+00 -3.84385475e-05 
-2.60000000e+00 -3.88409795e-05 
-2.62000000e+00 -3.92434115e-05 
-2.64000000e+00 -3.96458435e-05 
-2.66000000e+00 -4.00482755e-05 
-2.68000000e+00 -4.04507075e-05 
-2.70000000e+00 -4.08531395e-05 
-2.72000000e+00 -4.12555715e-05 
-2.74000000e+00 -4.16580035e-05 
-2.76000000e+00 -4.20604355e-05 
-2.78000000e+00 -4.24628675e-05 
-2.80000000e+00 -4.28652995e-05 
-2.82000000e+00 -4.32677315e-05 
-2.84000000e+00 -4.36701635e-05 
-2.86000000e+00 -4.40725955e-05 
-2.88000000e+00 -4.44750275e-05 
-2.90000000e+00 -4.48774595e-05 
-2.92000000e+00 -4.52798915e-05 
-2.94000000e+00 -4.56823235e-05 
-2.96000000e+00 -4.60847555e-05 
-2.98000000e+00 -4.64871875e-05 
-3.00000000e+00 -4.68896195e-05 
-3.02000000e+00 -4.72920515e-05 
-3.04000000e+00 -4.76944835e-05 
-3.06000000e+00 -4.80969155e-05 
-3.08000000e+00 -4.84993475e-05 
-3.10000000e+00 -4.89017795e-05 
-3.12000000e+00 -4.93042115e-05 
-3.14000000e+00 -4.97066435e-05 
-3.16000000e+00 -5.01090755e-05 
-3.18000000e+00 -5.05115075e-05 
-3.20000000e+00 -5.09139395e-05 
-3.22000000e+00 -5.13163715e-05 
-3.24000000e+00 -5.17188035e-05 
-3.26000000e+00 -5.21212355e-05 
-3.28000000e+00 -5.25236675e-05 
-3.30000000e+00 -5.29260995e-05 
-3.32000000e+00 -5.33285315e-05 
-3.34000000e+00 -5.37309635e-05 
-3.36000000e+00 -5.41333955e-05 
-3.38000000e+00 -5.45358275e-05 
-3.40000000e+00 -5.49382595e-05 
-3.42000000e+00 -5.53406915e-05 
-3.44000000e+00 -5.57431235e-05 
-3.46000000e+00 -5.61455555e-05 
-3.48000000e+00 -5.65479875e-05 
-3.50000000e+00 -5.69504195e-05 
-3.52000000e+00 -5.73528515e-05 
-3.54000000e+00 -5.77552835e-05 
-3.56000000e+00 -5.81577155e-05 
-3.58000000e+00 -5.85601475e-05 
-3.60000000e+00 -5.89625795e-05 
-3.62000000e+00 -5.93650115e-05 
-3.64000000e+00 -5.97674435e-05 
-3.66000000e+00 -6.01698755e-05 
-3.68000000e+00 -6.05723075e-05 
-3.70000000e+00 -6.09747395e-05 
-3.72000000e+00 -6.13771715e-05 
-3.74000000e+00 -6.17796035e-05 
-3.76000000e+00 -6.21820355e-05 
-3.78000000e+00 -6.25844675e-05 
-3.80000000e+00 -6.29868995e-05 
-3.82000000e+00 -6.33893315e-05 
-3.84000000e+00 -6.37917635e-05 
-3.86000000e+00 -6.41941955e-05 
-3.88000000e+00 -6.45966275e-05 
-3.90000000e+00 -6.49990595e-05 
-3.92000000e+00 -6.54014915e-05 
-3.94000000e+00 -6.58039235e-05 
-3.96000000e+00 -6.62063555e-05 
-3.98000000e+00 -6.66087875e-05 
-4.00000000e+00 -6.70112195e-05 
-4.02000000e+00 -6.74136515e-05 
-4.04000000e+00 -6.78160835e-05 
-4.06000000e+00 -6.82185155e-05 
-4.08000000e+00 -6.86209475e-05 
-4.10000000e+00 -6.90233795e-05 
-4.12000000e+00 -6.94258115e-05 
-4.14000000e+00 -6.98282435e-05 
-4.16000000e+00 -7.02306755e-05 
-4.18000000e+00 -7.06331075e-05 
-4.20000000e+00 -7.10355395e-05 
-4.22000000e+00 -7.14379715e-05 
-4.24000000e+00 -7.18404035e-05 
-4.26000000e+00 -7.22428355e-05 
-4.28000000e+00 -7.26452675e-05 
-4.30000000e+00 -7.30476995e-05 
-4.32000000e+00 -7.34501315e-05 
-4.34000000e+00 -7.38525635e-05 
-4.36000000e+00 -7.42549955e-05 
-4.38000000e+00 -7.46574275e-05 
-4.40000000e+00 -7.50598595e-05 
-4.42000000e+00 -7.54622915e-05 
-4.44000000e+00 -7.58647235e-05 
-4.46000000e+00 -7.62671555e-05 
-4.48000000e+00 -7.66695875e-05 
-4.50000000e+00 -7.70720195e-05 
-4.52000000e+00 -7.74744515e-05 
-4.54000000e+00 -7.78768835e-05 
-4.56000000e+00 -7.82793155e-05 
-4.58000000e+00 -7.86817475e-05 
-4.60000000e+00 -7.90841795e-05 
-4.62000000e+00 -7.94866115e-05 
-4.64000000e+00 -7.98890435e-05 
-4.66000000e+00 -8.02914755e-05 
-4.68000000e+00 -8.06939075e-05 
-4.70000000e+00 -8.10963395e-05 
-4.72000000e+00 -8.14987715e-05 
-4.74000000e+00 -8.19012035e-05 
-4.76000000e+00 -8.23036355e-05 
-4.78000000e+00 -8.27060675e-05 
-4.80000000e+00 -8.31084995e-05 
-4.82000000e+00 -8.35109315e-05 
-4.84000000e+00 -8.39133635e-05 
-4.86000000e+00 -8.43157955e-05 
-4.88000000e+00 -8.47182275e-05 
-4.90000000e+00 -8.51206595e-05 
-4.92000000e+00 -8.55230915e-05 
-4.94000000e+00 -8.59255235e-05 
-4.96000000e+00 -8.63279555e-05 
-4.98000000e+00 -8.67303875e-05 
-5.00000000e+00 -8.71328195e-05 
