0.00000000e+00  8.10000000e-13 
-2.00000000e-02  8.10000000e-13 
-4.00000000e-02  8.10000000e-13 
-6.00000000e-02  8.10000000e-13 
-8.00000000e-02  8.10000000e-13 
-1.00000000e-01  8.10000000e-13 
-1.20000000e-01  8.10000000e-13 
-1.40000000e-01  8.10000000e-13 
-1.60000000e-01  8.10000000e-13 
-1.80000000e-01  8.10000000e-13 
-2.00000000e-01  8.10000000e-13 
-2.20000000e-01  8.10000000e-13 
-2.40000000e-01  8.10000000e-13 
-2.60000000e-01  8.10000000e-13 
-2.80000000e-01  8.10000000e-13 
-3.00000000e-01  8.10000000e-13 
-3.20000000e-01  8.10000000e-13 
-3.40000000e-01  8.10000000e-13 
-3.60000000e-01  8.10000000e-13 
-3.80000000e-01  8.10000000e-13 
-4.00000000e-01  8.10000000e-13 
-4.20000000e-01  8.10000000e-13 
-4.40000000e-01  8.10000000e-13 
-4.60000000e-01  8.10000000e-13 
-4.80000000e-01  8.10000000e-13 
-5.00000000e-01  8.10000000e-13 
-5.20000000e-01  8.10000000e-13 
-5.40000000e-01  8.10000000e-13 
-5.60000000e-01  8.10000000e-13 
-5.80000000e-01  8.10000000e-13 
-6.00000000e-01  8.10000000e-13 
-6.20000000e-01  8.10000000e-13 
-6.40000000e-01  8.10000000e-13 
-6.60000000e-01  8.10000000e-13 
-6.80000000e-01  8.10000000e-13 
-7.00000000e-01  8.10000000e-13 
-7.20000000e-01  8.10000000e-13 
-7.40000000e-01  8.10000000e-13 
-7.60000000e-01  8.10000000e-13 
-7.80000000e-01  8.10000000e-13 
-8.00000000e-01 -8.87373889e-09 
-8.20000000e-01 -5.57213654e-08 
-8.40000000e-01 -1.42812192e-07 
-8.60000000e-01 -2.70146218e-07 
-8.80000000e-01 -4.37723445e-07 
-9.00000000e-01 -6.45543871e-07 
-9.20000000e-01 -8.93607498e-07 
-9.40000000e-01 -1.18191432e-06 
-9.60000000e-01 -1.51046435e-06 
-9.80000000e-01 -1.87925758e-06 
-1.00000000e+00 -2.27941945e-06 
-1.02000000e+00 -2.68185145e-06 
-1.04000000e+00 -3.08428345e-06 
-1.06000000e+00 -3.48671545e-06 
-1.08000000e+00 -3.88914745e-06 
-1.10000000e+00 -4.29157945e-06 
-1.12000000e+00 -4.69401145e-06 
-1.14000000e+00 -5.09644345e-06 
-1.16000000e+00 -5.49887545e-06 
-1.18000000e+00 -5.90130745e-06 
-1.20000000e+00 -6.30373945e-06 
-1.22000000e+00 -6.70617145e-06 
-1.24000000e+00 -7.10860345e-06 
-1.26000000e+00 -7.51103545e-06 
-1.28000000e+00 -7.91346745e-06 
-1.30000000e+00 -8.31589945e-06 
-1.32000000e+00 -8.71833145e-06 
-1.34000000e+00 -9.12076345e-06 
-1.36000000e+00 -9.52319545e-06 
-1.38000000e+00 -9.92562745e-06 
-1.40000000e+00 -1.03280595e-05 
-1.42000000e+00 -1.07304915e-05 
-1.44000000e+00 -1.11329235e-05 
-1.46000000e+00 -1.15353555e-05 
-1.48000000e+00 -1.19377875e-05 
-1.50000000e+00 -1.23402195e-05 
-1.52000000e+00 -1.27426515e-05 
-1.54000000e+00 -1.31450835e-05 
-1.56000000e+00 -1.35475155e-05 
-1.58000000e+00 -1.39499475e-05 
-1.60000000e+00 -1.43523795e-05 
-1.62000000e+00 -1.47548115e-05 
-1.64000000e+00 -1.51572435e-05 
-1.66000000e+00 -1.55596755e-05 
-1.68000000e+00 -1.59621075e-05 
-1.70000000e+00 -1.63645395e-05 
-1.72000000e+00 -1.67669715e-05 
-1.74000000e+00 -1.71694035e-05 
-1.76000000e+00 -1.75718355e-05 
-1.78000000e+00 -1.79742675e-05 
-1.80000000e+00 -1.83766995e-05 
-1.82000000e+00 -1.87791315e-05 
-1.84000000e+00 -1.91815635e-05 
-1.86000000e+00 -1.95839955e-05 
-1.88000000e+00 -1.99864275e-05 
-1.90000000e+00 -2.03888595e-05 
-1.92000000e+00 -2.07912915e-05 
-1.94000000e+00 -2.11937235e-05 
-1.96000000e+00 -2.15961555e-05 
-1.98000000e+00 -2.19985875e-05 
-2.00000000e+00 -2.24010195e-05 
-2.02000000e+00 -2.28034515e-05 
-2.04000000e+00 -2.32058835e-05 
-2.06000000e+00 -2.36083155e-05 
-2.08000000e+00 -2.40107475e-05 
-2.10000000e+00 -2.44131795e-05 
-2.12000000e+00 -2.48156115e-05 
-2.14000000e+00 -2.52180435e-05 
-2.16000000e+00 -2.56204755e-05 
-2.18000000e+00 -2.60229075e-05 
-2.20000000e+00 -2.64253395e-05 
-2.22000000e+00 -2.68277715e-05 
-2.24000000e+00 -2.72302035e-05 
-2.26000000e+00 -2.76326355e-05 
-2.28000000e+00 -2.80350675e-05 
-2.30000000e+00 -2.84374995e-05 
-2.32000000e+00 -2.88399315e-05 
-2.34000000e+00 -2.92423635e-05 
-2.36000000e+00 -2.96447955e-05 
-2.38000000e+00 -3.00472275e-05 
-2.40000000e+00 -3.04496595e-05 
-2.42000000e+00 -3.08520915e-05 
-2.44000000e+00 -3.12545235e-05 
-2.46000000e+00 -3.16569555e-05 
-2.48000000e+00 -3.20593875e-05 
-2.50000000e+00 -3.24618195e-05 
-2.52000000e+00 -3.28642515e-05 
-2.54000000e+00 -3.32666835e-05 
-2.56000000e+00 -3.36691155e-05 
-2.58000000e+00 -3.40715475e-05 
-2.60000000e+00 -3.44739795e-05 
-2.62000000e+00 -3.48764115e-05 
-2.64000000e+00 -3.52788435e-05 
-2.66000000e+00 -3.56812755e-05 
-2.68000000e+00 -3.60837075e-05 
-2.70000000e+00 -3.64861395e-05 
-2.72000000e+00 -3.68885715e-05 
-2.74000000e+00 -3.72910035e-05 
-2.76000000e+00 -3.76934355e-05 
-2.78000000e+00 -3.80958675e-05 
-2.80000000e+00 -3.84982995e-05 
-2.82000000e+00 -3.89007315e-05 
-2.84000000e+00 -3.93031635e-05 
-2.86000000e+00 -3.97055955e-05 
-2.88000000e+00 -4.01080275e-05 
-2.90000000e+00 -4.05104595e-05 
-2.92000000e+00 -4.09128915e-05 
-2.94000000e+00 -4.13153235e-05 
-2.96000000e+00 -4.17177555e-05 
-2.98000000e+00 -4.21201875e-05 
-3.00000000e+00 -4.25226195e-05 
-3.02000000e+00 -4.29250515e-05 
-3.04000000e+00 -4.33274835e-05 
-3.06000000e+00 -4.37299155e-05 
-3.08000000e+00 -4.41323475e-05 
-3.10000000e+00 -4.45347795e-05 
-3.12000000e+00 -4.49372115e-05 
-3.14000000e+00 -4.53396435e-05 
-3.16000000e+00 -4.57420755e-05 
-3.18000000e+00 -4.61445075e-05 
-3.20000000e+00 -4.65469395e-05 
-3.22000000e+00 -4.69493715e-05 
-3.24000000e+00 -4.73518035e-05 
-3.26000000e+00 -4.77542355e-05 
-3.28000000e+00 -4.81566675e-05 
-3.30000000e+00 -4.85590995e-05 
-3.32000000e+00 -4.89615315e-05 
-3.34000000e+00 -4.93639635e-05 
-3.36000000e+00 -4.97663955e-05 
-3.38000000e+00 -5.01688275e-05 
-3.40000000e+00 -5.05712595e-05 
-3.42000000e+00 -5.09736915e-05 
-3.44000000e+00 -5.13761235e-05 
-3.46000000e+00 -5.17785555e-05 
-3.48000000e+00 -5.21809875e-05 
-3.50000000e+00 -5.25834195e-05 
-3.52000000e+00 -5.29858515e-05 
-3.54000000e+00 -5.33882835e-05 
-3.56000000e+00 -5.37907155e-05 
-3.58000000e+00 -5.41931475e-05 
-3.60000000e+00 -5.45955795e-05 
-3.62000000e+00 -5.49980115e-05 
-3.64000000e+00 -5.54004435e-05 
-3.66000000e+00 -5.58028755e-05 
-3.68000000e+00 -5.62053075e-05 
-3.70000000e+00 -5.66077395e-05 
-3.72000000e+00 -5.70101715e-05 
-3.74000000e+00 -5.74126035e-05 
-3.76000000e+00 -5.78150355e-05 
-3.78000000e+00 -5.82174675e-05 
-3.80000000e+00 -5.86198995e-05 
-3.82000000e+00 -5.90223315e-05 
-3.84000000e+00 -5.94247635e-05 
-3.86000000e+00 -5.98271955e-05 
-3.88000000e+00 -6.02296275e-05 
-3.90000000e+00 -6.06320595e-05 
-3.92000000e+00 -6.10344915e-05 
-3.94000000e+00 -6.14369235e-05 
-3.96000000e+00 -6.18393555e-05 
-3.98000000e+00 -6.22417875e-05 
-4.00000000e+00 -6.26442195e-05 
-4.02000000e+00 -6.30466515e-05 
-4.04000000e+00 -6.34490835e-05 
-4.06000000e+00 -6.38515155e-05 
-4.08000000e+00 -6.42539475e-05 
-4.10000000e+00 -6.46563795e-05 
-4.12000000e+00 -6.50588115e-05 
-4.14000000e+00 -6.54612435e-05 
-4.16000000e+00 -6.58636755e-05 
-4.18000000e+00 -6.62661075e-05 
-4.20000000e+00 -6.66685395e-05 
-4.22000000e+00 -6.70709715e-05 
-4.24000000e+00 -6.74734035e-05 
-4.26000000e+00 -6.78758355e-05 
-4.28000000e+00 -6.82782675e-05 
-4.30000000e+00 -6.86806995e-05 
-4.32000000e+00 -6.90831315e-05 
-4.34000000e+00 -6.94855635e-05 
-4.36000000e+00 -6.98879955e-05 
-4.38000000e+00 -7.02904275e-05 
-4.40000000e+00 -7.06928595e-05 
-4.42000000e+00 -7.10952915e-05 
-4.44000000e+00 -7.14977235e-05 
-4.46000000e+00 -7.19001555e-05 
-4.48000000e+00 -7.23025875e-05 
-4.50000000e+00 -7.27050195e-05 
-4.52000000e+00 -7.31074515e-05 
-4.54000000e+00 -7.35098835e-05 
-4.56000000e+00 -7.39123155e-05 
-4.58000000e+00 -7.43147475e-05 
-4.60000000e+00 -7.47171795e-05 
-4.62000000e+00 -7.51196115e-05 
-4.64000000e+00 -7.55220435e-05 
-4.66000000e+00 -7.59244755e-05 
-4.68000000e+00 -7.63269075e-05 
-4.70000000e+00 -7.67293395e-05 
-4.72000000e+00 -7.71317715e-05 
-4.74000000e+00 -7.75342035e-05 
-4.76000000e+00 -7.79366355e-05 
-4.78000000e+00 -7.83390675e-05 
-4.80000000e+00 -7.87414995e-05 
-4.82000000e+00 -7.91439315e-05 
-4.84000000e+00 -7.95463635e-05 
-4.86000000e+00 -7.99487955e-05 
-4.88000000e+00 -8.03512275e-05 
-4.90000000e+00 -8.07536595e-05 
-4.92000000e+00 -8.11560915e-05 
-4.94000000e+00 -8.15585235e-05 
-4.96000000e+00 -8.19609555e-05 
-4.98000000e+00 -8.23633875e-05 
-5.00000000e+00 -8.27658195e-05 
