0.00000000e+00  1.81000000e-12 
-2.00000000e-02  1.81000000e-12 
-4.00000000e-02  1.81000000e-12 
-6.00000000e-02  1.81000000e-12 
-8.00000000e-02  1.81000000e-12 
-1.00000000e-01  1.81000000e-12 
-1.20000000e-01  1.81000000e-12 
-1.40000000e-01  1.81000000e-12 
-1.60000000e-01  1.81000000e-12 
-1.80000000e-01  1.81000000e-12 
-2.00000000e-01  1.81000000e-12 
-2.20000000e-01  1.81000000e-12 
-2.40000000e-01  1.81000000e-12 
-2.60000000e-01  1.81000000e-12 
-2.80000000e-01  1.81000000e-12 
-3.00000000e-01  1.81000000e-12 
-3.20000000e-01  1.81000000e-12 
-3.40000000e-01  1.81000000e-12 
-3.60000000e-01  1.81000000e-12 
-3.80000000e-01  1.81000000e-12 
-4.00000000e-01  1.81000000e-12 
-4.20000000e-01  1.81000000e-12 
-4.40000000e-01  1.81000000e-12 
-4.60000000e-01  1.81000000e-12 
-4.80000000e-01  1.81000000e-12 
-5.00000000e-01  1.81000000e-12 
-5.20000000e-01  1.81000000e-12 
-5.40000000e-01  1.81000000e-12 
-5.60000000e-01  1.81000000e-12 
-5.80000000e-01  1.81000000e-12 
-6.00000000e-01  1.81000000e-12 
-6.20000000e-01  1.81000000e-12 
-6.40000000e-01  1.81000000e-12 
-6.60000000e-01  1.81000000e-12 
-6.80000000e-01  1.81000000e-12 
-7.00000000e-01  1.81000000e-12 
-7.20000000e-01  1.81000000e-12 
-7.40000000e-01  1.81000000e-12 
-7.60000000e-01  1.81000000e-12 
-7.80000000e-01  1.81000000e-12 
-8.00000000e-01  1.81000000e-12 
-8.20000000e-01  1.81000000e-12 
-8.40000000e-01  1.81000000e-12 
-8.60000000e-01  1.81000000e-12 
-8.80000000e-01  1.81000000e-12 
-9.00000000e-01  1.81000000e-12 
-9.20000000e-01  1.81000000e-12 
-9.40000000e-01  1.81000000e-12 
-9.60000000e-01 -1.43468841e-08 
-9.80000000e-01 -6.84519320e-08 
-1.00000000e+00 -1.62800180e-07 
-1.02000000e+00 -2.97391628e-07 
-1.04000000e+00 -4.72226276e-07 
-1.06000000e+00 -6.87304124e-07 
-1.08000000e+00 -9.42625172e-07 
-1.10000000e+00 -1.23818942e-06 
-1.12000000e+00 -1.57399687e-06 
-1.14000000e+00 -1.95004752e-06 
-1.16000000e+00 -2.35199267e-06 
-1.18000000e+00 -2.75442467e-06 
-1.20000000e+00 -3.15685667e-06 
-1.22000000e+00 -3.55928867e-06 
-1.24000000e+00 -3.96172067e-06 
-1.26000000e+00 -4.36415267e-06 
-1.28000000e+00 -4.76658467e-06 
-1.30000000e+00 -5.16901667e-06 
-1.32000000e+00 -5.57144867e-06 
-1.34000000e+00 -5.97388067e-06 
-1.36000000e+00 -6.37631267e-06 
-1.38000000e+00 -6.77874467e-06 
-1.40000000e+00 -7.18117667e-06 
-1.42000000e+00 -7.58360867e-06 
-1.44000000e+00 -7.98604067e-06 
-1.46000000e+00 -8.38847267e-06 
-1.48000000e+00 -8.79090467e-06 
-1.50000000e+00 -9.19333667e-06 
-1.52000000e+00 -9.59576867e-06 
-1.54000000e+00 -9.99820067e-06 
-1.56000000e+00 -1.04006327e-05 
-1.58000000e+00 -1.08030647e-05 
-1.60000000e+00 -1.12054967e-05 
-1.62000000e+00 -1.16079287e-05 
-1.64000000e+00 -1.20103607e-05 
-1.66000000e+00 -1.24127927e-05 
-1.68000000e+00 -1.28152247e-05 
-1.70000000e+00 -1.32176567e-05 
-1.72000000e+00 -1.36200887e-05 
-1.74000000e+00 -1.40225207e-05 
-1.76000000e+00 -1.44249527e-05 
-1.78000000e+00 -1.48273847e-05 
-1.80000000e+00 -1.52298167e-05 
-1.82000000e+00 -1.56322487e-05 
-1.84000000e+00 -1.60346807e-05 
-1.86000000e+00 -1.64371127e-05 
-1.88000000e+00 -1.68395447e-05 
-1.90000000e+00 -1.72419767e-05 
-1.92000000e+00 -1.76444087e-05 
-1.94000000e+00 -1.80468407e-05 
-1.96000000e+00 -1.84492727e-05 
-1.98000000e+00 -1.88517047e-05 
-2.00000000e+00 -1.92541367e-05 
-2.02000000e+00 -1.96565687e-05 
-2.04000000e+00 -2.00590007e-05 
-2.06000000e+00 -2.04614327e-05 
-2.08000000e+00 -2.08638647e-05 
-2.10000000e+00 -2.12662967e-05 
-2.12000000e+00 -2.16687287e-05 
-2.14000000e+00 -2.20711607e-05 
-2.16000000e+00 -2.24735927e-05 
-2.18000000e+00 -2.28760247e-05 
-2.20000000e+00 -2.32784567e-05 
-2.22000000e+00 -2.36808887e-05 
-2.24000000e+00 -2.40833207e-05 
-2.26000000e+00 -2.44857527e-05 
-2.28000000e+00 -2.48881847e-05 
-2.30000000e+00 -2.52906167e-05 
-2.32000000e+00 -2.56930487e-05 
-2.34000000e+00 -2.60954807e-05 
-2.36000000e+00 -2.64979127e-05 
-2.38000000e+00 -2.69003447e-05 
-2.40000000e+00 -2.73027767e-05 
-2.42000000e+00 -2.77052087e-05 
-2.44000000e+00 -2.81076407e-05 
-2.46000000e+00 -2.85100727e-05 
-2.48000000e+00 -2.89125047e-05 
-2.50000000e+00 -2.93149367e-05 
-2.52000000e+00 -2.97173687e-05 
-2.54000000e+00 -3.01198007e-05 
-2.56000000e+00 -3.05222327e-05 
-2.58000000e+00 -3.09246647e-05 
-2.60000000e+00 -3.13270967e-05 
-2.62000000e+00 -3.17295287e-05 
-2.64000000e+00 -3.21319607e-05 
-2.66000000e+00 -3.25343927e-05 
-2.68000000e+00 -3.29368247e-05 
-2.70000000e+00 -3.33392567e-05 
-2.72000000e+00 -3.37416887e-05 
-2.74000000e+00 -3.41441207e-05 
-2.76000000e+00 -3.45465527e-05 
-2.78000000e+00 -3.49489847e-05 
-2.80000000e+00 -3.53514167e-05 
-2.82000000e+00 -3.57538487e-05 
-2.84000000e+00 -3.61562807e-05 
-2.86000000e+00 -3.65587127e-05 
-2.88000000e+00 -3.69611447e-05 
-2.90000000e+00 -3.73635767e-05 
-2.92000000e+00 -3.77660087e-05 
-2.94000000e+00 -3.81684407e-05 
-2.96000000e+00 -3.85708727e-05 
-2.98000000e+00 -3.89733047e-05 
-3.00000000e+00 -3.93757367e-05 
-3.02000000e+00 -3.97781687e-05 
-3.04000000e+00 -4.01806007e-05 
-3.06000000e+00 -4.05830327e-05 
-3.08000000e+00 -4.09854647e-05 
-3.10000000e+00 -4.13878967e-05 
-3.12000000e+00 -4.17903287e-05 
-3.14000000e+00 -4.21927607e-05 
-3.16000000e+00 -4.25951927e-05 
-3.18000000e+00 -4.29976247e-05 
-3.20000000e+00 -4.34000567e-05 
-3.22000000e+00 -4.38024887e-05 
-3.24000000e+00 -4.42049207e-05 
-3.26000000e+00 -4.46073527e-05 
-3.28000000e+00 -4.50097847e-05 
-3.30000000e+00 -4.54122167e-05 
-3.32000000e+00 -4.58146487e-05 
-3.34000000e+00 -4.62170807e-05 
-3.36000000e+00 -4.66195127e-05 
-3.38000000e+00 -4.70219447e-05 
-3.40000000e+00 -4.74243767e-05 
-3.42000000e+00 -4.78268087e-05 
-3.44000000e+00 -4.82292407e-05 
-3.46000000e+00 -4.86316727e-05 
-3.48000000e+00 -4.90341047e-05 
-3.50000000e+00 -4.94365367e-05 
-3.52000000e+00 -4.98389687e-05 
-3.54000000e+00 -5.02414007e-05 
-3.56000000e+00 -5.06438327e-05 
-3.58000000e+00 -5.10462647e-05 
-3.60000000e+00 -5.14486967e-05 
-3.62000000e+00 -5.18511287e-05 
-3.64000000e+00 -5.22535607e-05 
-3.66000000e+00 -5.26559927e-05 
-3.68000000e+00 -5.30584247e-05 
-3.70000000e+00 -5.34608567e-05 
-3.72000000e+00 -5.38632887e-05 
-3.74000000e+00 -5.42657207e-05 
-3.76000000e+00 -5.46681527e-05 
-3.78000000e+00 -5.50705847e-05 
-3.80000000e+00 -5.54730167e-05 
-3.82000000e+00 -5.58754487e-05 
-3.84000000e+00 -5.62778807e-05 
-3.86000000e+00 -5.66803127e-05 
-3.88000000e+00 -5.70827447e-05 
-3.90000000e+00 -5.74851767e-05 
-3.92000000e+00 -5.78876087e-05 
-3.94000000e+00 -5.82900407e-05 
-3.96000000e+00 -5.86924727e-05 
-3.98000000e+00 -5.90949047e-05 
-4.00000000e+00 -5.94973367e-05 
-4.02000000e+00 -5.98997687e-05 
-4.04000000e+00 -6.03022007e-05 
-4.06000000e+00 -6.07046327e-05 
-4.08000000e+00 -6.11070647e-05 
-4.10000000e+00 -6.15094967e-05 
-4.12000000e+00 -6.19119287e-05 
-4.14000000e+00 -6.23143607e-05 
-4.16000000e+00 -6.27167927e-05 
-4.18000000e+00 -6.31192247e-05 
-4.20000000e+00 -6.35216567e-05 
-4.22000000e+00 -6.39240887e-05 
-4.24000000e+00 -6.43265207e-05 
-4.26000000e+00 -6.47289527e-05 
-4.28000000e+00 -6.51313847e-05 
-4.30000000e+00 -6.55338167e-05 
-4.32000000e+00 -6.59362487e-05 
-4.34000000e+00 -6.63386807e-05 
-4.36000000e+00 -6.67411127e-05 
-4.38000000e+00 -6.71435447e-05 
-4.40000000e+00 -6.75459767e-05 
-4.42000000e+00 -6.79484087e-05 
-4.44000000e+00 -6.83508407e-05 
-4.46000000e+00 -6.87532727e-05 
-4.48000000e+00 -6.91557047e-05 
-4.50000000e+00 -6.95581367e-05 
-4.52000000e+00 -6.99605687e-05 
-4.54000000e+00 -7.03630007e-05 
-4.56000000e+00 -7.07654327e-05 
-4.58000000e+00 -7.11678647e-05 
-4.60000000e+00 -7.15702967e-05 
-4.62000000e+00 -7.19727287e-05 
-4.64000000e+00 -7.23751607e-05 
-4.66000000e+00 -7.27775927e-05 
-4.68000000e+00 -7.31800247e-05 
-4.70000000e+00 -7.35824567e-05 
-4.72000000e+00 -7.39848887e-05 
-4.74000000e+00 -7.43873207e-05 
-4.76000000e+00 -7.47897527e-05 
-4.78000000e+00 -7.51921847e-05 
-4.80000000e+00 -7.55946167e-05 
-4.82000000e+00 -7.59970487e-05 
-4.84000000e+00 -7.63994807e-05 
-4.86000000e+00 -7.68019127e-05 
-4.88000000e+00 -7.72043447e-05 
-4.90000000e+00 -7.76067767e-05 
-4.92000000e+00 -7.80092087e-05 
-4.94000000e+00 -7.84116407e-05 
-4.96000000e+00 -7.88140727e-05 
-4.98000000e+00 -7.92165047e-05 
-5.00000000e+00 -7.96189367e-05 
