 0.00000000e+00  2.81000000e-12 
-2.00000000e-02  2.81000000e-12 
-4.00000000e-02  2.81000000e-12 
-6.00000000e-02  2.81000000e-12 
-8.00000000e-02  2.81000000e-12 
-1.00000000e-01  2.81000000e-12 
-1.20000000e-01  2.81000000e-12 
-1.40000000e-01  2.81000000e-12 
-1.60000000e-01  2.81000000e-12 
-1.80000000e-01  2.81000000e-12 
-2.00000000e-01  2.81000000e-12 
-2.20000000e-01  2.81000000e-12 
-2.40000000e-01  2.81000000e-12 
-2.60000000e-01  2.81000000e-12 
-2.80000000e-01  2.81000000e-12 
-3.00000000e-01  2.81000000e-12 
-3.20000000e-01  2.81000000e-12 
-3.40000000e-01  2.81000000e-12 
-3.60000000e-01  2.81000000e-12 
-3.80000000e-01  2.81000000e-12 
-4.00000000e-01  2.81000000e-12 
-4.20000000e-01  2.81000000e-12 
-4.40000000e-01  2.81000000e-12 
-4.60000000e-01  2.81000000e-12 
-4.80000000e-01  2.81000000e-12 
-5.00000000e-01  2.81000000e-12 
-5.20000000e-01  2.81000000e-12 
-5.40000000e-01  2.81000000e-12 
-5.60000000e-01  2.81000000e-12 
-5.80000000e-01  2.81000000e-12 
-6.00000000e-01  2.81000000e-12 
-6.20000000e-01  2.81000000e-12 
-6.40000000e-01  2.81000000e-12 
-6.60000000e-01  2.81000000e-12 
-6.80000000e-01  2.81000000e-12 
-7.00000000e-01  2.81000000e-12 
-7.20000000e-01  2.81000000e-12 
-7.40000000e-01  2.81000000e-12 
-7.60000000e-01  2.81000000e-12 
-7.80000000e-01  2.81000000e-12 
-8.00000000e-01  2.81000000e-12 
-8.20000000e-01  2.81000000e-12 
-8.40000000e-01  2.81000000e-12 
-8.60000000e-01  2.81000000e-12 
-8.80000000e-01  2.81000000e-12 
-9.00000000e-01  2.81000000e-12 
-9.20000000e-01  2.81000000e-12 
-9.40000000e-01  2.81000000e-12 
-9.60000000e-01  2.81000000e-12 
-9.80000000e-01  2.81000000e-12 
-1.00000000e+00  2.81000000e-12 
-1.02000000e+00  2.81000000e-12 
-1.04000000e+00  2.81000000e-12 
-1.06000000e+00  2.81000000e-12 
-1.08000000e+00 -3.78482841e-09 
-1.10000000e+00 -4.13664794e-08 
-1.12000000e+00 -1.19191330e-07 
-1.14000000e+00 -2.37259381e-07 
-1.16000000e+00 -3.95570632e-07 
-1.18000000e+00 -5.94125083e-07 
-1.20000000e+00 -8.32922734e-07 
-1.22000000e+00 -1.11196359e-06 
-1.24000000e+00 -1.43124764e-06 
-1.26000000e+00 -1.79077489e-06 
-1.28000000e+00 -2.18675770e-06 
-1.30000000e+00 -2.58918970e-06 
-1.32000000e+00 -2.99162170e-06 
-1.34000000e+00 -3.39405370e-06 
-1.36000000e+00 -3.79648570e-06 
-1.38000000e+00 -4.19891770e-06 
-1.40000000e+00 -4.60134970e-06 
-1.42000000e+00 -5.00378170e-06 
-1.44000000e+00 -5.40621370e-06 
-1.46000000e+00 -5.80864570e-06 
-1.48000000e+00 -6.21107770e-06 
-1.50000000e+00 -6.61350970e-06 
-1.52000000e+00 -7.01594170e-06 
-1.54000000e+00 -7.41837370e-06 
-1.56000000e+00 -7.82080570e-06 
-1.58000000e+00 -8.22323770e-06 
-1.60000000e+00 -8.62566970e-06 
-1.62000000e+00 -9.02810170e-06 
-1.64000000e+00 -9.43053370e-06 
-1.66000000e+00 -9.83296570e-06 
-1.68000000e+00 -1.02353977e-05 
-1.70000000e+00 -1.06378297e-05 
-1.72000000e+00 -1.10402617e-05 
-1.74000000e+00 -1.14426937e-05 
-1.76000000e+00 -1.18451257e-05 
-1.78000000e+00 -1.22475577e-05 
-1.80000000e+00 -1.26499897e-05 
-1.82000000e+00 -1.30524217e-05 
-1.84000000e+00 -1.34548537e-05 
-1.86000000e+00 -1.38572857e-05 
-1.88000000e+00 -1.42597177e-05 
-1.90000000e+00 -1.46621497e-05 
-1.92000000e+00 -1.50645817e-05 
-1.94000000e+00 -1.54670137e-05 
-1.96000000e+00 -1.58694457e-05 
-1.98000000e+00 -1.62718777e-05 
-2.00000000e+00 -1.66743097e-05 
-2.02000000e+00 -1.70767417e-05 
-2.04000000e+00 -1.74791737e-05 
-2.06000000e+00 -1.78816057e-05 
-2.08000000e+00 -1.82840377e-05 
-2.10000000e+00 -1.86864697e-05 
-2.12000000e+00 -1.90889017e-05 
-2.14000000e+00 -1.94913337e-05 
-2.16000000e+00 -1.98937657e-05 
-2.18000000e+00 -2.02961977e-05 
-2.20000000e+00 -2.06986297e-05 
-2.22000000e+00 -2.11010617e-05 
-2.24000000e+00 -2.15034937e-05 
-2.26000000e+00 -2.19059257e-05 
-2.28000000e+00 -2.23083577e-05 
-2.30000000e+00 -2.27107897e-05 
-2.32000000e+00 -2.31132217e-05 
-2.34000000e+00 -2.35156537e-05 
-2.36000000e+00 -2.39180857e-05 
-2.38000000e+00 -2.43205177e-05 
-2.40000000e+00 -2.47229497e-05 
-2.42000000e+00 -2.51253817e-05 
-2.44000000e+00 -2.55278137e-05 
-2.46000000e+00 -2.59302457e-05 
-2.48000000e+00 -2.63326777e-05 
-2.50000000e+00 -2.67351097e-05 
-2.52000000e+00 -2.71375417e-05 
-2.54000000e+00 -2.75399737e-05 
-2.56000000e+00 -2.79424057e-05 
-2.58000000e+00 -2.83448377e-05 
-2.60000000e+00 -2.87472697e-05 
-2.62000000e+00 -2.91497017e-05 
-2.64000000e+00 -2.95521337e-05 
-2.66000000e+00 -2.99545657e-05 
-2.68000000e+00 -3.03569977e-05 
-2.70000000e+00 -3.07594297e-05 
-2.72000000e+00 -3.11618617e-05 
-2.74000000e+00 -3.15642937e-05 
-2.76000000e+00 -3.19667257e-05 
-2.78000000e+00 -3.23691577e-05 
-2.80000000e+00 -3.27715897e-05 
-2.82000000e+00 -3.31740217e-05 
-2.84000000e+00 -3.35764537e-05 
-2.86000000e+00 -3.39788857e-05 
-2.88000000e+00 -3.43813177e-05 
-2.90000000e+00 -3.47837497e-05 
-2.92000000e+00 -3.51861817e-05 
-2.94000000e+00 -3.55886137e-05 
-2.96000000e+00 -3.59910457e-05 
-2.98000000e+00 -3.63934777e-05 
-3.00000000e+00 -3.67959097e-05 
-3.02000000e+00 -3.71983417e-05 
-3.04000000e+00 -3.76007737e-05 
-3.06000000e+00 -3.80032057e-05 
-3.08000000e+00 -3.84056377e-05 
-3.10000000e+00 -3.88080697e-05 
-3.12000000e+00 -3.92105017e-05 
-3.14000000e+00 -3.96129337e-05 
-3.16000000e+00 -4.00153657e-05 
-3.18000000e+00 -4.04177977e-05 
-3.20000000e+00 -4.08202297e-05 
-3.22000000e+00 -4.12226617e-05 
-3.24000000e+00 -4.16250937e-05 
-3.26000000e+00 -4.20275257e-05 
-3.28000000e+00 -4.24299577e-05 
-3.30000000e+00 -4.28323897e-05 
-3.32000000e+00 -4.32348217e-05 
-3.34000000e+00 -4.36372537e-05 
-3.36000000e+00 -4.40396857e-05 
-3.38000000e+00 -4.44421177e-05 
-3.40000000e+00 -4.48445497e-05 
-3.42000000e+00 -4.52469817e-05 
-3.44000000e+00 -4.56494137e-05 
-3.46000000e+00 -4.60518457e-05 
-3.48000000e+00 -4.64542777e-05 
-3.50000000e+00 -4.68567097e-05 
-3.52000000e+00 -4.72591417e-05 
-3.54000000e+00 -4.76615737e-05 
-3.56000000e+00 -4.80640057e-05 
-3.58000000e+00 -4.84664377e-05 
-3.60000000e+00 -4.88688697e-05 
-3.62000000e+00 -4.92713017e-05 
-3.64000000e+00 -4.96737337e-05 
-3.66000000e+00 -5.00761657e-05 
-3.68000000e+00 -5.04785977e-05 
-3.70000000e+00 -5.08810297e-05 
-3.72000000e+00 -5.12834617e-05 
-3.74000000e+00 -5.16858937e-05 
-3.76000000e+00 -5.20883257e-05 
-3.78000000e+00 -5.24907577e-05 
-3.80000000e+00 -5.28931897e-05 
-3.82000000e+00 -5.32956217e-05 
-3.84000000e+00 -5.36980537e-05 
-3.86000000e+00 -5.41004857e-05 
-3.88000000e+00 -5.45029177e-05 
-3.90000000e+00 -5.49053497e-05 
-3.92000000e+00 -5.53077817e-05 
-3.94000000e+00 -5.57102137e-05 
-3.96000000e+00 -5.61126457e-05 
-3.98000000e+00 -5.65150777e-05 
-4.00000000e+00 -5.69175097e-05 
-4.02000000e+00 -5.73199417e-05 
-4.04000000e+00 -5.77223737e-05 
-4.06000000e+00 -5.81248057e-05 
-4.08000000e+00 -5.85272377e-05 
-4.10000000e+00 -5.89296697e-05 
-4.12000000e+00 -5.93321017e-05 
-4.14000000e+00 -5.97345337e-05 
-4.16000000e+00 -6.01369657e-05 
-4.18000000e+00 -6.05393977e-05 
-4.20000000e+00 -6.09418297e-05 
-4.22000000e+00 -6.13442617e-05 
-4.24000000e+00 -6.17466937e-05 
-4.26000000e+00 -6.21491257e-05 
-4.28000000e+00 -6.25515577e-05 
-4.30000000e+00 -6.29539897e-05 
-4.32000000e+00 -6.33564217e-05 
-4.34000000e+00 -6.37588537e-05 
-4.36000000e+00 -6.41612857e-05 
-4.38000000e+00 -6.45637177e-05 
-4.40000000e+00 -6.49661497e-05 
-4.42000000e+00 -6.53685817e-05 
-4.44000000e+00 -6.57710137e-05 
-4.46000000e+00 -6.61734457e-05 
-4.48000000e+00 -6.65758777e-05 
-4.50000000e+00 -6.69783097e-05 
-4.52000000e+00 -6.73807417e-05 
-4.54000000e+00 -6.77831737e-05 
-4.56000000e+00 -6.81856057e-05 
-4.58000000e+00 -6.85880377e-05 
-4.60000000e+00 -6.89904697e-05 
-4.62000000e+00 -6.93929017e-05 
-4.64000000e+00 -6.97953337e-05 
-4.66000000e+00 -7.01977657e-05 
-4.68000000e+00 -7.06001977e-05 
-4.70000000e+00 -7.10026297e-05 
-4.72000000e+00 -7.14050617e-05 
-4.74000000e+00 -7.18074937e-05 
-4.76000000e+00 -7.22099257e-05 
-4.78000000e+00 -7.26123577e-05 
-4.80000000e+00 -7.30147897e-05 
-4.82000000e+00 -7.34172217e-05 
-4.84000000e+00 -7.38196537e-05 
-4.86000000e+00 -7.42220857e-05 
-4.88000000e+00 -7.46245177e-05 
-4.90000000e+00 -7.50269497e-05 
-4.92000000e+00 -7.54293817e-05 
-4.94000000e+00 -7.58318137e-05 
-4.96000000e+00 -7.62342457e-05 
-4.98000000e+00 -7.66366777e-05 
-5.00000000e+00 -7.70391097e-05 
