 
 
 

 0.00000000e+00  3.81000000e-12 
-2.00000000e-02  3.81000000e-12 
-4.00000000e-02  3.81000000e-12 
-6.00000000e-02  3.81000000e-12 
-8.00000000e-02  3.81000000e-12 
-1.00000000e-01  3.81000000e-12 
-1.20000000e-01  3.81000000e-12 
-1.40000000e-01  3.81000000e-12 
-1.60000000e-01  3.81000000e-12 
-1.80000000e-01  3.81000000e-12 
-2.00000000e-01  3.81000000e-12 
-2.20000000e-01  3.81000000e-12 
-2.40000000e-01  3.81000000e-12 
-2.60000000e-01  3.81000000e-12 
-2.80000000e-01  3.81000000e-12 
-3.00000000e-01  3.81000000e-12 
-3.20000000e-01  3.81000000e-12 
-3.40000000e-01  3.81000000e-12 
-3.60000000e-01  3.81000000e-12 
-3.80000000e-01  3.81000000e-12 
-4.00000000e-01  3.81000000e-12 
-4.20000000e-01  3.81000000e-12 
-4.40000000e-01  3.81000000e-12 
-4.60000000e-01  3.81000000e-12 
-4.80000000e-01  3.81000000e-12 
-5.00000000e-01  3.81000000e-12 
-5.20000000e-01  3.81000000e-12 
-5.40000000e-01  3.81000000e-12 
-5.60000000e-01  3.81000000e-12 
-5.80000000e-01  3.81000000e-12 
-6.00000000e-01  3.81000000e-12 
-6.20000000e-01  3.81000000e-12 
-6.40000000e-01  3.81000000e-12 
-6.60000000e-01  3.81000000e-12 
-6.80000000e-01  3.81000000e-12 
-7.00000000e-01  3.81000000e-12 
-7.20000000e-01  3.81000000e-12 
-7.40000000e-01  3.81000000e-12 
-7.60000000e-01  3.81000000e-12 
-7.80000000e-01  3.81000000e-12 
-8.00000000e-01  3.81000000e-12 
-8.20000000e-01  3.81000000e-12 
-8.40000000e-01  3.81000000e-12 
-8.60000000e-01  3.81000000e-12 
-8.80000000e-01  3.81000000e-12 
-9.00000000e-01  3.81000000e-12 
-9.20000000e-01  3.81000000e-12 
-9.40000000e-01  3.81000000e-12 
-9.60000000e-01  3.81000000e-12 
-9.80000000e-01  3.81000000e-12 
-1.00000000e+00  3.81000000e-12 
-1.02000000e+00  3.81000000e-12 
-1.04000000e+00  3.81000000e-12 
-1.06000000e+00  3.81000000e-12 
-1.08000000e+00  3.81000000e-12 
-1.10000000e+00  3.81000000e-12 
-1.12000000e+00  3.81000000e-12 
-1.14000000e+00  3.81000000e-12 
-1.16000000e+00  3.81000000e-12 
-1.18000000e+00  3.81000000e-12 
-1.20000000e+00 -1.51384059e-08 
-1.22000000e+00 -7.01704978e-08 
-1.24000000e+00 -1.65445790e-07 
-1.26000000e+00 -3.00964282e-07 
-1.28000000e+00 -4.76725974e-07 
-1.30000000e+00 -6.92730865e-07 
-1.32000000e+00 -9.48978957e-07 
-1.34000000e+00 -1.24547025e-06 
-1.36000000e+00 -1.58220474e-06 
-1.38000000e+00 -1.95918243e-06 
-1.40000000e+00 -2.36126111e-06 
-1.42000000e+00 -2.76369311e-06 
-1.44000000e+00 -3.16612511e-06 
-1.46000000e+00 -3.56855711e-06 
-1.48000000e+00 -3.97098911e-06 
-1.50000000e+00 -4.37342111e-06 
-1.52000000e+00 -4.77585311e-06 
-1.54000000e+00 -5.17828511e-06 
-1.56000000e+00 -5.58071711e-06 
-1.58000000e+00 -5.98314911e-06 
-1.60000000e+00 -6.38558111e-06 
-1.62000000e+00 -6.78801311e-06 
-1.64000000e+00 -7.19044511e-06 
-1.66000000e+00 -7.59287711e-06 
-1.68000000e+00 -7.99530911e-06 
-1.70000000e+00 -8.39774111e-06 
-1.72000000e+00 -8.80017311e-06 
-1.74000000e+00 -9.20260511e-06 
-1.76000000e+00 -9.60503711e-06 
-1.78000000e+00 -1.00074691e-05 
-1.80000000e+00 -1.04099011e-05 
-1.82000000e+00 -1.08123331e-05 
-1.84000000e+00 -1.12147651e-05 
-1.86000000e+00 -1.16171971e-05 
-1.88000000e+00 -1.20196291e-05 
-1.90000000e+00 -1.24220611e-05 
-1.92000000e+00 -1.28244931e-05 
-1.94000000e+00 -1.32269251e-05 
-1.96000000e+00 -1.36293571e-05 
-1.98000000e+00 -1.40317891e-05 
-2.00000000e+00 -1.44342211e-05 
-2.02000000e+00 -1.48366531e-05 
-2.04000000e+00 -1.52390851e-05 
-2.06000000e+00 -1.56415171e-05 
-2.08000000e+00 -1.60439491e-05 
-2.10000000e+00 -1.64463811e-05 
-2.12000000e+00 -1.68488131e-05 
-2.14000000e+00 -1.72512451e-05 
-2.16000000e+00 -1.76536771e-05 
-2.18000000e+00 -1.80561091e-05 
-2.20000000e+00 -1.84585411e-05 
-2.22000000e+00 -1.88609731e-05 
-2.24000000e+00 -1.92634051e-05 
-2.26000000e+00 -1.96658371e-05 
-2.28000000e+00 -2.00682691e-05 
-2.30000000e+00 -2.04707011e-05 
-2.32000000e+00 -2.08731331e-05 
-2.34000000e+00 -2.12755651e-05 
-2.36000000e+00 -2.16779971e-05 
-2.38000000e+00 -2.20804291e-05 
-2.40000000e+00 -2.24828611e-05 
-2.42000000e+00 -2.28852931e-05 
-2.44000000e+00 -2.32877251e-05 
-2.46000000e+00 -2.36901571e-05 
-2.48000000e+00 -2.40925891e-05 
-2.50000000e+00 -2.44950211e-05 
-2.52000000e+00 -2.48974531e-05 
-2.54000000e+00 -2.52998851e-05 
-2.56000000e+00 -2.57023171e-05 
-2.58000000e+00 -2.61047491e-05 
-2.60000000e+00 -2.65071811e-05 
-2.62000000e+00 -2.69096131e-05 
-2.64000000e+00 -2.73120451e-05 
-2.66000000e+00 -2.77144771e-05 
-2.68000000e+00 -2.81169091e-05 
-2.70000000e+00 -2.85193411e-05 
-2.72000000e+00 -2.89217731e-05 
-2.74000000e+00 -2.93242051e-05 
-2.76000000e+00 -2.97266371e-05 
-2.78000000e+00 -3.01290691e-05 
-2.80000000e+00 -3.05315011e-05 
-2.82000000e+00 -3.09339331e-05 
-2.84000000e+00 -3.13363651e-05 
-2.86000000e+00 -3.17387971e-05 
-2.88000000e+00 -3.21412291e-05 
-2.90000000e+00 -3.25436611e-05 
-2.92000000e+00 -3.29460931e-05 
-2.94000000e+00 -3.33485251e-05 
-2.96000000e+00 -3.37509571e-05 
-2.98000000e+00 -3.41533891e-05 
-3.00000000e+00 -3.45558211e-05 
-3.02000000e+00 -3.49582531e-05 
-3.04000000e+00 -3.53606851e-05 
-3.06000000e+00 -3.57631171e-05 
-3.08000000e+00 -3.61655491e-05 
-3.10000000e+00 -3.65679811e-05 
-3.12000000e+00 -3.69704131e-05 
-3.14000000e+00 -3.73728451e-05 
-3.16000000e+00 -3.77752771e-05 
-3.18000000e+00 -3.81777091e-05 
-3.20000000e+00 -3.85801411e-05 
-3.22000000e+00 -3.89825731e-05 
-3.24000000e+00 -3.93850051e-05 
-3.26000000e+00 -3.97874371e-05 
-3.28000000e+00 -4.01898691e-05 
-3.30000000e+00 -4.05923011e-05 
-3.32000000e+00 -4.09947331e-05 
-3.34000000e+00 -4.13971651e-05 
-3.36000000e+00 -4.17995971e-05 
-3.38000000e+00 -4.22020291e-05 
-3.40000000e+00 -4.26044611e-05 
-3.42000000e+00 -4.30068931e-05 
-3.44000000e+00 -4.34093251e-05 
-3.46000000e+00 -4.38117571e-05 
-3.48000000e+00 -4.42141891e-05 
-3.50000000e+00 -4.46166211e-05 
-3.52000000e+00 -4.50190531e-05 
-3.54000000e+00 -4.54214851e-05 
-3.56000000e+00 -4.58239171e-05 
-3.58000000e+00 -4.62263491e-05 
-3.60000000e+00 -4.66287811e-05 
-3.62000000e+00 -4.70312131e-05 
-3.64000000e+00 -4.74336451e-05 
-3.66000000e+00 -4.78360771e-05 
-3.68000000e+00 -4.82385091e-05 
-3.70000000e+00 -4.86409411e-05 
-3.72000000e+00 -4.90433731e-05 
-3.74000000e+00 -4.94458051e-05 
-3.76000000e+00 -4.98482371e-05 
-3.78000000e+00 -5.02506691e-05 
-3.80000000e+00 -5.06531011e-05 
-3.82000000e+00 -5.10555331e-05 
-3.84000000e+00 -5.14579651e-05 
-3.86000000e+00 -5.18603971e-05 
-3.88000000e+00 -5.22628291e-05 
-3.90000000e+00 -5.26652611e-05 
-3.92000000e+00 -5.30676931e-05 
-3.94000000e+00 -5.34701251e-05 
-3.96000000e+00 -5.38725571e-05 
-3.98000000e+00 -5.42749891e-05 
-4.00000000e+00 -5.46774211e-05 
-4.02000000e+00 -5.50798531e-05 
-4.04000000e+00 -5.54822851e-05 
-4.06000000e+00 -5.58847171e-05 
-4.08000000e+00 -5.62871491e-05 
-4.10000000e+00 -5.66895811e-05 
-4.12000000e+00 -5.70920131e-05 
-4.14000000e+00 -5.74944451e-05 
-4.16000000e+00 -5.78968771e-05 
-4.18000000e+00 -5.82993091e-05 
-4.20000000e+00 -5.87017411e-05 
-4.22000000e+00 -5.91041731e-05 
-4.24000000e+00 -5.95066051e-05 
-4.26000000e+00 -5.99090371e-05 
-4.28000000e+00 -6.03114691e-05 
-4.30000000e+00 -6.07139011e-05 
-4.32000000e+00 -6.11163331e-05 
-4.34000000e+00 -6.15187651e-05 
-4.36000000e+00 -6.19211971e-05 
-4.38000000e+00 -6.23236291e-05 
-4.40000000e+00 -6.27260611e-05 
-4.42000000e+00 -6.31284931e-05 
-4.44000000e+00 -6.35309251e-05 
-4.46000000e+00 -6.39333571e-05 
-4.48000000e+00 -6.43357891e-05 
-4.50000000e+00 -6.47382211e-05 
-4.52000000e+00 -6.51406531e-05 
-4.54000000e+00 -6.55430851e-05 
-4.56000000e+00 -6.59455171e-05 
-4.58000000e+00 -6.63479491e-05 
-4.60000000e+00 -6.67503811e-05 
-4.62000000e+00 -6.71528131e-05 
-4.64000000e+00 -6.75552451e-05 
-4.66000000e+00 -6.79576771e-05 
-4.68000000e+00 -6.83601091e-05 
-4.70000000e+00 -6.87625411e-05 
-4.72000000e+00 -6.91649731e-05 
-4.74000000e+00 -6.95674051e-05 
-4.76000000e+00 -6.99698371e-05 
-4.78000000e+00 -7.03722691e-05 
-4.80000000e+00 -7.07747011e-05 
-4.82000000e+00 -7.11771331e-05 
-4.84000000e+00 -7.15795651e-05 
-4.86000000e+00 -7.19819971e-05 
-4.88000000e+00 -7.23844291e-05 
-4.90000000e+00 -7.27868611e-05 
-4.92000000e+00 -7.31892931e-05 
-4.94000000e+00 -7.35917251e-05 
-4.96000000e+00 -7.39941571e-05 
-4.98000000e+00 -7.43965891e-05 
-5.00000000e+00 -7.47990211e-05 
