 0.00000000e+00 -2.30075515e-11 
-2.00000000e-02 -2.30075515e-11 
-4.00000000e-02 -2.30075515e-11 
-6.00000000e-02 -2.30075515e-11 
-8.00000000e-02 -2.30075515e-11 
-1.00000000e-01 -2.30075515e-11 
-1.20000000e-01 -2.30075515e-11 
-1.40000000e-01 -2.30075515e-11 
-1.60000000e-01 -2.30075515e-11 
-1.80000000e-01 -2.30075515e-11 
-2.00000000e-01 -2.30075515e-11 
-2.20000000e-01 -2.30075515e-11 
-2.40000000e-01 -2.30075515e-11 
-2.60000000e-01 -2.30075515e-11 
-2.80000000e-01 -2.30075515e-11 
-3.00000000e-01 -2.30075515e-11 
-3.20000000e-01 -2.30075515e-11 
-3.40000000e-01 -2.30075515e-11 
-3.60000000e-01 -2.30075515e-11 
-3.80000000e-01 -2.30075515e-11 
-4.00000000e-01 -2.30075515e-11 
-4.20000000e-01 -2.30075515e-11 
-4.40000000e-01 -2.30075515e-11 
-4.60000000e-01 -2.30075515e-11 
-4.80000000e-01 -2.30075515e-11 
-5.00000000e-01 -2.30075515e-11 
-5.20000000e-01 -2.30075515e-11 
-5.40000000e-01 -2.30075515e-11 
-5.60000000e-01 -2.30075515e-11 
-5.80000000e-01 -5.37171318e-09 
-6.00000000e-01 -4.62417604e-08 
-6.20000000e-01 -1.27355008e-07 
-6.40000000e-01 -2.48711455e-07 
-6.60000000e-01 -4.10311102e-07 
-6.80000000e-01 -6.12153949e-07 
-7.00000000e-01 -8.54239996e-07 
-7.20000000e-01 -1.13656924e-06 
-7.40000000e-01 -1.45914169e-06 
-7.60000000e-01 -1.82195734e-06 
-7.80000000e-01 -2.21966748e-06 
-8.00000000e-01 -2.62209948e-06 
-8.20000000e-01 -3.02453148e-06 
-8.40000000e-01 -3.42696348e-06 
-8.60000000e-01 -3.82939548e-06 
-8.80000000e-01 -4.23182748e-06 
-9.00000000e-01 -4.63425948e-06 
-9.20000000e-01 -5.03669148e-06 
-9.40000000e-01 -5.43912348e-06 
-9.60000000e-01 -5.84155548e-06 
-9.80000000e-01 -6.24398748e-06 
-1.00000000e+00 -6.64641948e-06 
-1.02000000e+00 -7.04885148e-06 
-1.04000000e+00 -7.45128348e-06 
-1.06000000e+00 -7.85371548e-06 
-1.08000000e+00 -8.25614748e-06 
-1.10000000e+00 -8.65857948e-06 
-1.12000000e+00 -9.06101148e-06 
-1.14000000e+00 -9.46344348e-06 
-1.16000000e+00 -9.86587548e-06 
-1.18000000e+00 -1.02683075e-05 
-1.20000000e+00 -1.06707395e-05 
-1.22000000e+00 -1.10731715e-05 
-1.24000000e+00 -1.14756035e-05 
-1.26000000e+00 -1.18780355e-05 
-1.28000000e+00 -1.22804675e-05 
-1.30000000e+00 -1.26828995e-05 
-1.32000000e+00 -1.30853315e-05 
-1.34000000e+00 -1.34877635e-05 
-1.36000000e+00 -1.38901955e-05 
-1.38000000e+00 -1.42926275e-05 
-1.40000000e+00 -1.46950595e-05 
-1.42000000e+00 -1.50974915e-05 
-1.44000000e+00 -1.54999235e-05 
-1.46000000e+00 -1.59023555e-05 
-1.48000000e+00 -1.63047875e-05 
-1.50000000e+00 -1.67072195e-05 
-1.52000000e+00 -1.71096515e-05 
-1.54000000e+00 -1.75120835e-05 
-1.56000000e+00 -1.79145155e-05 
-1.58000000e+00 -1.83169475e-05 
-1.60000000e+00 -1.87193795e-05 
-1.62000000e+00 -1.91218115e-05 
-1.64000000e+00 -1.95242435e-05 
-1.66000000e+00 -1.99266755e-05 
-1.68000000e+00 -2.03291075e-05 
-1.70000000e+00 -2.07315395e-05 
-1.72000000e+00 -2.11339715e-05 
-1.74000000e+00 -2.15364035e-05 
-1.76000000e+00 -2.19388355e-05 
-1.78000000e+00 -2.23412675e-05 
-1.80000000e+00 -2.27436995e-05 
-1.82000000e+00 -2.31461315e-05 
-1.84000000e+00 -2.35485635e-05 
-1.86000000e+00 -2.39509955e-05 
-1.88000000e+00 -2.43534275e-05 
-1.90000000e+00 -2.47558595e-05 
-1.92000000e+00 -2.51582915e-05 
-1.94000000e+00 -2.55607235e-05 
-1.96000000e+00 -2.59631555e-05 
-1.98000000e+00 -2.63655875e-05 
-2.00000000e+00 -2.67680195e-05 
-2.02000000e+00 -2.71704515e-05 
-2.04000000e+00 -2.75728835e-05 
-2.06000000e+00 -2.79753155e-05 
-2.08000000e+00 -2.83777475e-05 
-2.10000000e+00 -2.87801795e-05 
-2.12000000e+00 -2.91826115e-05 
-2.14000000e+00 -2.95850435e-05 
-2.16000000e+00 -2.99874755e-05 
-2.18000000e+00 -3.03899075e-05 
-2.20000000e+00 -3.07923395e-05 
-2.22000000e+00 -3.11947715e-05 
-2.24000000e+00 -3.15972035e-05 
-2.26000000e+00 -3.19996355e-05 
-2.28000000e+00 -3.24020675e-05 
-2.30000000e+00 -3.28044995e-05 
-2.32000000e+00 -3.32069315e-05 
-2.34000000e+00 -3.36093635e-05 
-2.36000000e+00 -3.40117955e-05 
-2.38000000e+00 -3.44142275e-05 
-2.40000000e+00 -3.48166595e-05 
-2.42000000e+00 -3.52190915e-05 
-2.44000000e+00 -3.56215235e-05 
-2.46000000e+00 -3.60239555e-05 
-2.48000000e+00 -3.64263875e-05 
-2.50000000e+00 -3.68288195e-05 
-2.52000000e+00 -3.72312515e-05 
-2.54000000e+00 -3.76336835e-05 
-2.56000000e+00 -3.80361155e-05 
-2.58000000e+00 -3.84385475e-05 
-2.60000000e+00 -3.88409795e-05 
-2.62000000e+00 -3.92434115e-05 
-2.64000000e+00 -3.96458435e-05 
-2.66000000e+00 -4.00482755e-05 
-2.68000000e+00 -4.04507075e-05 
-2.70000000e+00 -4.08531395e-05 
-2.72000000e+00 -4.12555715e-05 
-2.74000000e+00 -4.16580035e-05 
-2.76000000e+00 -4.20604355e-05 
-2.78000000e+00 -4.24628675e-05 
-2.80000000e+00 -4.28652995e-05 
-2.82000000e+00 -4.32677315e-05 
-2.84000000e+00 -4.36701635e-05 
-2.86000000e+00 -4.40725955e-05 
-2.88000000e+00 -4.44750275e-05 
-2.90000000e+00 -4.48774595e-05 
-2.92000000e+00 -4.52798915e-05 
-2.94000000e+00 -4.56823235e-05 
-2.96000000e+00 -4.60847555e-05 
-2.98000000e+00 -4.64871875e-05 
-3.00000000e+00 -4.68896195e-05 
-3.02000000e+00 -4.72920515e-05 
-3.04000000e+00 -4.76944835e-05 
-3.06000000e+00 -4.80969155e-05 
-3.08000000e+00 -4.84993475e-05 
-3.10000000e+00 -4.89017795e-05 
-3.12000000e+00 -4.93042115e-05 
-3.14000000e+00 -4.97066435e-05 
-3.16000000e+00 -5.01090755e-05 
-3.18000000e+00 -5.05115075e-05 
-3.20000000e+00 -5.09139395e-05 
-3.22000000e+00 -5.13163715e-05 
-3.24000000e+00 -5.17188035e-05 
-3.26000000e+00 -5.21212355e-05 
-3.28000000e+00 -5.25236675e-05 
-3.30000000e+00 -5.29260995e-05 
-3.32000000e+00 -5.33285315e-05 
-3.34000000e+00 -5.37309635e-05 
-3.36000000e+00 -5.41333955e-05 
-3.38000000e+00 -5.45358275e-05 
-3.40000000e+00 -5.49382595e-05 
-3.42000000e+00 -5.53406915e-05 
-3.44000000e+00 -5.57431235e-05 
-3.46000000e+00 -5.61455555e-05 
-3.48000000e+00 -5.65479875e-05 
-3.50000000e+00 -5.69504195e-05 
-3.52000000e+00 -5.73528515e-05 
-3.54000000e+00 -5.77552835e-05 
-3.56000000e+00 -5.81577155e-05 
-3.58000000e+00 -5.85601475e-05 
-3.60000000e+00 -5.89625795e-05 
-3.62000000e+00 -5.93650115e-05 
-3.64000000e+00 -5.97674435e-05 
-3.66000000e+00 -6.01698755e-05 
-3.68000000e+00 -6.05723075e-05 
-3.70000000e+00 -6.09747395e-05 
-3.72000000e+00 -6.13771715e-05 
-3.74000000e+00 -6.17796035e-05 
-3.76000000e+00 -6.21820355e-05 
-3.78000000e+00 -6.25844675e-05 
-3.80000000e+00 -6.29868995e-05 
-3.82000000e+00 -6.33893315e-05 
-3.84000000e+00 -6.37917635e-05 
-3.86000000e+00 -6.41941955e-05 
-3.88000000e+00 -6.45966275e-05 
-3.90000000e+00 -6.49990595e-05 
-3.92000000e+00 -6.54014915e-05 
-3.94000000e+00 -6.58039235e-05 
-3.96000000e+00 -6.62063555e-05 
-3.98000000e+00 -6.66087875e-05 
-4.00000000e+00 -6.70112195e-05 
-4.02000000e+00 -6.74136515e-05 
-4.04000000e+00 -6.78160835e-05 
-4.06000000e+00 -6.82185155e-05 
-4.08000000e+00 -6.86209475e-05 
-4.10000000e+00 -6.90233795e-05 
-4.12000000e+00 -6.94258115e-05 
-4.14000000e+00 -6.98282435e-05 
-4.16000000e+00 -7.02306755e-05 
-4.18000000e+00 -7.06331075e-05 
-4.20000000e+00 -7.10355395e-05 
-4.22000000e+00 -7.14379715e-05 
-4.24000000e+00 -7.18404035e-05 
-4.26000000e+00 -7.22428355e-05 
-4.28000000e+00 -7.26452675e-05 
-4.30000000e+00 -7.30476995e-05 
-4.32000000e+00 -7.34501315e-05 
-4.34000000e+00 -7.38525635e-05 
-4.36000000e+00 -7.42549955e-05 
-4.38000000e+00 -7.46574275e-05 
-4.40000000e+00 -7.50598595e-05 
-4.42000000e+00 -7.54622915e-05 
-4.44000000e+00 -7.58647235e-05 
-4.46000000e+00 -7.62671555e-05 
-4.48000000e+00 -7.66695875e-05 
-4.50000000e+00 -7.70720195e-05 
-4.52000000e+00 -7.74744515e-05 
-4.54000000e+00 -7.78768835e-05 
-4.56000000e+00 -7.82793155e-05 
-4.58000000e+00 -7.86817475e-05 
-4.60000000e+00 -7.90841795e-05 
-4.62000000e+00 -7.94866115e-05 
-4.64000000e+00 -7.98890435e-05 
-4.66000000e+00 -8.02914755e-05 
-4.68000000e+00 -8.06939075e-05 
-4.70000000e+00 -8.10963395e-05 
-4.72000000e+00 -8.14987715e-05 
-4.74000000e+00 -8.19012035e-05 
-4.76000000e+00 -8.23036355e-05 
-4.78000000e+00 -8.27060675e-05 
-4.80000000e+00 -8.31084995e-05 
-4.82000000e+00 -8.35109315e-05 
-4.84000000e+00 -8.39133635e-05 
-4.86000000e+00 -8.43157955e-05 
-4.88000000e+00 -8.47182275e-05 
-4.90000000e+00 -8.51206595e-05 
-4.92000000e+00 -8.55230915e-05 
-4.94000000e+00 -8.59255235e-05 
-4.96000000e+00 -8.63279555e-05 
-4.98000000e+00 -8.67303875e-05 
-5.00000000e+00 -8.71328195e-05 
 0.00000000e+00  8.10000000e-13 
-2.00000000e-02  8.10000000e-13 
-4.00000000e-02  8.10000000e-13 
-6.00000000e-02  8.10000000e-13 
-8.00000000e-02  8.10000000e-13 
-1.00000000e-01  8.10000000e-13 
-1.20000000e-01  8.10000000e-13 
-1.40000000e-01  8.10000000e-13 
-1.60000000e-01  8.10000000e-13 
-1.80000000e-01  8.10000000e-13 
-2.00000000e-01  8.10000000e-13 
-2.20000000e-01  8.10000000e-13 
-2.40000000e-01  8.10000000e-13 
-2.60000000e-01  8.10000000e-13 
-2.80000000e-01  8.10000000e-13 
-3.00000000e-01  8.10000000e-13 
-3.20000000e-01  8.10000000e-13 
-3.40000000e-01  8.10000000e-13 
-3.60000000e-01  8.10000000e-13 
-3.80000000e-01  8.10000000e-13 
-4.00000000e-01  8.10000000e-13 
-4.20000000e-01  8.10000000e-13 
-4.40000000e-01  8.10000000e-13 
-4.60000000e-01  8.10000000e-13 
-4.80000000e-01  8.10000000e-13 
-5.00000000e-01  8.10000000e-13 
-5.20000000e-01  8.10000000e-13 
-5.40000000e-01  8.10000000e-13 
-5.60000000e-01  8.10000000e-13 
-5.80000000e-01  8.10000000e-13 
-6.00000000e-01  8.10000000e-13 
-6.20000000e-01  8.10000000e-13 
-6.40000000e-01  8.10000000e-13 
-6.60000000e-01  8.10000000e-13 
-6.80000000e-01  8.10000000e-13 
-7.00000000e-01  8.10000000e-13 
-7.20000000e-01  8.10000000e-13 
-7.40000000e-01  8.10000000e-13 
-7.60000000e-01  8.10000000e-13 
-7.80000000e-01  8.10000000e-13 
-8.00000000e-01 -8.87373889e-09 
-8.20000000e-01 -5.57213654e-08 
-8.40000000e-01 -1.42812192e-07 
-8.60000000e-01 -2.70146218e-07 
-8.80000000e-01 -4.37723445e-07 
-9.00000000e-01 -6.45543871e-07 
-9.20000000e-01 -8.93607498e-07 
-9.40000000e-01 -1.18191432e-06 
-9.60000000e-01 -1.51046435e-06 
-9.80000000e-01 -1.87925758e-06 
-1.00000000e+00 -2.27941945e-06 
-1.02000000e+00 -2.68185145e-06 
-1.04000000e+00 -3.08428345e-06 
-1.06000000e+00 -3.48671545e-06 
-1.08000000e+00 -3.88914745e-06 
-1.10000000e+00 -4.29157945e-06 
-1.12000000e+00 -4.69401145e-06 
-1.14000000e+00 -5.09644345e-06 
-1.16000000e+00 -5.49887545e-06 
-1.18000000e+00 -5.90130745e-06 
-1.20000000e+00 -6.30373945e-06 
-1.22000000e+00 -6.70617145e-06 
-1.24000000e+00 -7.10860345e-06 
-1.26000000e+00 -7.51103545e-06 
-1.28000000e+00 -7.91346745e-06 
-1.30000000e+00 -8.31589945e-06 
-1.32000000e+00 -8.71833145e-06 
-1.34000000e+00 -9.12076345e-06 
-1.36000000e+00 -9.52319545e-06 
-1.38000000e+00 -9.92562745e-06 
-1.40000000e+00 -1.03280595e-05 
-1.42000000e+00 -1.07304915e-05 
-1.44000000e+00 -1.11329235e-05 
-1.46000000e+00 -1.15353555e-05 
-1.48000000e+00 -1.19377875e-05 
-1.50000000e+00 -1.23402195e-05 
-1.52000000e+00 -1.27426515e-05 
-1.54000000e+00 -1.31450835e-05 
-1.56000000e+00 -1.35475155e-05 
-1.58000000e+00 -1.39499475e-05 
-1.60000000e+00 -1.43523795e-05 
-1.62000000e+00 -1.47548115e-05 
-1.64000000e+00 -1.51572435e-05 
-1.66000000e+00 -1.55596755e-05 
-1.68000000e+00 -1.59621075e-05 
-1.70000000e+00 -1.63645395e-05 
-1.72000000e+00 -1.67669715e-05 
-1.74000000e+00 -1.71694035e-05 
-1.76000000e+00 -1.75718355e-05 
-1.78000000e+00 -1.79742675e-05 
-1.80000000e+00 -1.83766995e-05 
-1.82000000e+00 -1.87791315e-05 
-1.84000000e+00 -1.91815635e-05 
-1.86000000e+00 -1.95839955e-05 
-1.88000000e+00 -1.99864275e-05 
-1.90000000e+00 -2.03888595e-05 
-1.92000000e+00 -2.07912915e-05 
-1.94000000e+00 -2.11937235e-05 
-1.96000000e+00 -2.15961555e-05 
-1.98000000e+00 -2.19985875e-05 
-2.00000000e+00 -2.24010195e-05 
-2.02000000e+00 -2.28034515e-05 
-2.04000000e+00 -2.32058835e-05 
-2.06000000e+00 -2.36083155e-05 
-2.08000000e+00 -2.40107475e-05 
-2.10000000e+00 -2.44131795e-05 
-2.12000000e+00 -2.48156115e-05 
-2.14000000e+00 -2.52180435e-05 
-2.16000000e+00 -2.56204755e-05 
-2.18000000e+00 -2.60229075e-05 
-2.20000000e+00 -2.64253395e-05 
-2.22000000e+00 -2.68277715e-05 
-2.24000000e+00 -2.72302035e-05 
-2.26000000e+00 -2.76326355e-05 
-2.28000000e+00 -2.80350675e-05 
-2.30000000e+00 -2.84374995e-05 
-2.32000000e+00 -2.88399315e-05 
-2.34000000e+00 -2.92423635e-05 
-2.36000000e+00 -2.96447955e-05 
-2.38000000e+00 -3.00472275e-05 
-2.40000000e+00 -3.04496595e-05 
-2.42000000e+00 -3.08520915e-05 
-2.44000000e+00 -3.12545235e-05 
-2.46000000e+00 -3.16569555e-05 
-2.48000000e+00 -3.20593875e-05 
-2.50000000e+00 -3.24618195e-05 
-2.52000000e+00 -3.28642515e-05 
-2.54000000e+00 -3.32666835e-05 
-2.56000000e+00 -3.36691155e-05 
-2.58000000e+00 -3.40715475e-05 
-2.60000000e+00 -3.44739795e-05 
-2.62000000e+00 -3.48764115e-05 
-2.64000000e+00 -3.52788435e-05 
-2.66000000e+00 -3.56812755e-05 
-2.68000000e+00 -3.60837075e-05 
-2.70000000e+00 -3.64861395e-05 
-2.72000000e+00 -3.68885715e-05 
-2.74000000e+00 -3.72910035e-05 
-2.76000000e+00 -3.76934355e-05 
-2.78000000e+00 -3.80958675e-05 
-2.80000000e+00 -3.84982995e-05 
-2.82000000e+00 -3.89007315e-05 
-2.84000000e+00 -3.93031635e-05 
-2.86000000e+00 -3.97055955e-05 
-2.88000000e+00 -4.01080275e-05 
-2.90000000e+00 -4.05104595e-05 
-2.92000000e+00 -4.09128915e-05 
-2.94000000e+00 -4.13153235e-05 
-2.96000000e+00 -4.17177555e-05 
-2.98000000e+00 -4.21201875e-05 
-3.00000000e+00 -4.25226195e-05 
-3.02000000e+00 -4.29250515e-05 
-3.04000000e+00 -4.33274835e-05 
-3.06000000e+00 -4.37299155e-05 
-3.08000000e+00 -4.41323475e-05 
-3.10000000e+00 -4.45347795e-05 
-3.12000000e+00 -4.49372115e-05 
-3.14000000e+00 -4.53396435e-05 
-3.16000000e+00 -4.57420755e-05 
-3.18000000e+00 -4.61445075e-05 
-3.20000000e+00 -4.65469395e-05 
-3.22000000e+00 -4.69493715e-05 
-3.24000000e+00 -4.73518035e-05 
-3.26000000e+00 -4.77542355e-05 
-3.28000000e+00 -4.81566675e-05 
-3.30000000e+00 -4.85590995e-05 
-3.32000000e+00 -4.89615315e-05 
-3.34000000e+00 -4.93639635e-05 
-3.36000000e+00 -4.97663955e-05 
-3.38000000e+00 -5.01688275e-05 
-3.40000000e+00 -5.05712595e-05 
-3.42000000e+00 -5.09736915e-05 
-3.44000000e+00 -5.13761235e-05 
-3.46000000e+00 -5.17785555e-05 
-3.48000000e+00 -5.21809875e-05 
-3.50000000e+00 -5.25834195e-05 
-3.52000000e+00 -5.29858515e-05 
-3.54000000e+00 -5.33882835e-05 
-3.56000000e+00 -5.37907155e-05 
-3.58000000e+00 -5.41931475e-05 
-3.60000000e+00 -5.45955795e-05 
-3.62000000e+00 -5.49980115e-05 
-3.64000000e+00 -5.54004435e-05 
-3.66000000e+00 -5.58028755e-05 
-3.68000000e+00 -5.62053075e-05 
-3.70000000e+00 -5.66077395e-05 
-3.72000000e+00 -5.70101715e-05 
-3.74000000e+00 -5.74126035e-05 
-3.76000000e+00 -5.78150355e-05 
-3.78000000e+00 -5.82174675e-05 
-3.80000000e+00 -5.86198995e-05 
-3.82000000e+00 -5.90223315e-05 
-3.84000000e+00 -5.94247635e-05 
-3.86000000e+00 -5.98271955e-05 
-3.88000000e+00 -6.02296275e-05 
-3.90000000e+00 -6.06320595e-05 
-3.92000000e+00 -6.10344915e-05 
-3.94000000e+00 -6.14369235e-05 
-3.96000000e+00 -6.18393555e-05 
-3.98000000e+00 -6.22417875e-05 
-4.00000000e+00 -6.26442195e-05 
-4.02000000e+00 -6.30466515e-05 
-4.04000000e+00 -6.34490835e-05 
-4.06000000e+00 -6.38515155e-05 
-4.08000000e+00 -6.42539475e-05 
-4.10000000e+00 -6.46563795e-05 
-4.12000000e+00 -6.50588115e-05 
-4.14000000e+00 -6.54612435e-05 
-4.16000000e+00 -6.58636755e-05 
-4.18000000e+00 -6.62661075e-05 
-4.20000000e+00 -6.66685395e-05 
-4.22000000e+00 -6.70709715e-05 
-4.24000000e+00 -6.74734035e-05 
-4.26000000e+00 -6.78758355e-05 
-4.28000000e+00 -6.82782675e-05 
-4.30000000e+00 -6.86806995e-05 
-4.32000000e+00 -6.90831315e-05 
-4.34000000e+00 -6.94855635e-05 
-4.36000000e+00 -6.98879955e-05 
-4.38000000e+00 -7.02904275e-05 
-4.40000000e+00 -7.06928595e-05 
-4.42000000e+00 -7.10952915e-05 
-4.44000000e+00 -7.14977235e-05 
-4.46000000e+00 -7.19001555e-05 
-4.48000000e+00 -7.23025875e-05 
-4.50000000e+00 -7.27050195e-05 
-4.52000000e+00 -7.31074515e-05 
-4.54000000e+00 -7.35098835e-05 
-4.56000000e+00 -7.39123155e-05 
-4.58000000e+00 -7.43147475e-05 
-4.60000000e+00 -7.47171795e-05 
-4.62000000e+00 -7.51196115e-05 
-4.64000000e+00 -7.55220435e-05 
-4.66000000e+00 -7.59244755e-05 
-4.68000000e+00 -7.63269075e-05 
-4.70000000e+00 -7.67293395e-05 
-4.72000000e+00 -7.71317715e-05 
-4.74000000e+00 -7.75342035e-05 
-4.76000000e+00 -7.79366355e-05 
-4.78000000e+00 -7.83390675e-05 
-4.80000000e+00 -7.87414995e-05 
-4.82000000e+00 -7.91439315e-05 
-4.84000000e+00 -7.95463635e-05 
-4.86000000e+00 -7.99487955e-05 
-4.88000000e+00 -8.03512275e-05 
-4.90000000e+00 -8.07536595e-05 
-4.92000000e+00 -8.11560915e-05 
-4.94000000e+00 -8.15585235e-05 
-4.96000000e+00 -8.19609555e-05 
-4.98000000e+00 -8.23633875e-05 
-5.00000000e+00 -8.27658195e-05 
 0.00000000e+00  1.81000000e-12 
-2.00000000e-02  1.81000000e-12 
-4.00000000e-02  1.81000000e-12 
-6.00000000e-02  1.81000000e-12 
-8.00000000e-02  1.81000000e-12 
-1.00000000e-01  1.81000000e-12 
-1.20000000e-01  1.81000000e-12 
-1.40000000e-01  1.81000000e-12 
-1.60000000e-01  1.81000000e-12 
-1.80000000e-01  1.81000000e-12 
-2.00000000e-01  1.81000000e-12 
-2.20000000e-01  1.81000000e-12 
-2.40000000e-01  1.81000000e-12 
-2.60000000e-01  1.81000000e-12 
-2.80000000e-01  1.81000000e-12 
-3.00000000e-01  1.81000000e-12 
-3.20000000e-01  1.81000000e-12 
-3.40000000e-01  1.81000000e-12 
-3.60000000e-01  1.81000000e-12 
-3.80000000e-01  1.81000000e-12 
-4.00000000e-01  1.81000000e-12 
-4.20000000e-01  1.81000000e-12 
-4.40000000e-01  1.81000000e-12 
-4.60000000e-01  1.81000000e-12 
-4.80000000e-01  1.81000000e-12 
-5.00000000e-01  1.81000000e-12 
-5.20000000e-01  1.81000000e-12 
-5.40000000e-01  1.81000000e-12 
-5.60000000e-01  1.81000000e-12 
-5.80000000e-01  1.81000000e-12 
-6.00000000e-01  1.81000000e-12 
-6.20000000e-01  1.81000000e-12 
-6.40000000e-01  1.81000000e-12 
-6.60000000e-01  1.81000000e-12 
-6.80000000e-01  1.81000000e-12 
-7.00000000e-01  1.81000000e-12 
-7.20000000e-01  1.81000000e-12 
-7.40000000e-01  1.81000000e-12 
-7.60000000e-01  1.81000000e-12 
-7.80000000e-01  1.81000000e-12 
-8.00000000e-01  1.81000000e-12 
-8.20000000e-01  1.81000000e-12 
-8.40000000e-01  1.81000000e-12 
-8.60000000e-01  1.81000000e-12 
-8.80000000e-01  1.81000000e-12 
-9.00000000e-01  1.81000000e-12 
-9.20000000e-01  1.81000000e-12 
-9.40000000e-01  1.81000000e-12 
-9.60000000e-01 -1.43468841e-08 
-9.80000000e-01 -6.84519320e-08 
-1.00000000e+00 -1.62800180e-07 
-1.02000000e+00 -2.97391628e-07 
-1.04000000e+00 -4.72226276e-07 
-1.06000000e+00 -6.87304124e-07 
-1.08000000e+00 -9.42625172e-07 
-1.10000000e+00 -1.23818942e-06 
-1.12000000e+00 -1.57399687e-06 
-1.14000000e+00 -1.95004752e-06 
-1.16000000e+00 -2.35199267e-06 
-1.18000000e+00 -2.75442467e-06 
-1.20000000e+00 -3.15685667e-06 
-1.22000000e+00 -3.55928867e-06 
-1.24000000e+00 -3.96172067e-06 
-1.26000000e+00 -4.36415267e-06 
-1.28000000e+00 -4.76658467e-06 
-1.30000000e+00 -5.16901667e-06 
-1.32000000e+00 -5.57144867e-06 
-1.34000000e+00 -5.97388067e-06 
-1.36000000e+00 -6.37631267e-06 
-1.38000000e+00 -6.77874467e-06 
-1.40000000e+00 -7.18117667e-06 
-1.42000000e+00 -7.58360867e-06 
-1.44000000e+00 -7.98604067e-06 
-1.46000000e+00 -8.38847267e-06 
-1.48000000e+00 -8.79090467e-06 
-1.50000000e+00 -9.19333667e-06 
-1.52000000e+00 -9.59576867e-06 
-1.54000000e+00 -9.99820067e-06 
-1.56000000e+00 -1.04006327e-05 
-1.58000000e+00 -1.08030647e-05 
-1.60000000e+00 -1.12054967e-05 
-1.62000000e+00 -1.16079287e-05 
-1.64000000e+00 -1.20103607e-05 
-1.66000000e+00 -1.24127927e-05 
-1.68000000e+00 -1.28152247e-05 
-1.70000000e+00 -1.32176567e-05 
-1.72000000e+00 -1.36200887e-05 
-1.74000000e+00 -1.40225207e-05 
-1.76000000e+00 -1.44249527e-05 
-1.78000000e+00 -1.48273847e-05 
-1.80000000e+00 -1.52298167e-05 
-1.82000000e+00 -1.56322487e-05 
-1.84000000e+00 -1.60346807e-05 
-1.86000000e+00 -1.64371127e-05 
-1.88000000e+00 -1.68395447e-05 
-1.90000000e+00 -1.72419767e-05 
-1.92000000e+00 -1.76444087e-05 
-1.94000000e+00 -1.80468407e-05 
-1.96000000e+00 -1.84492727e-05 
-1.98000000e+00 -1.88517047e-05 
-2.00000000e+00 -1.92541367e-05 
-2.02000000e+00 -1.96565687e-05 
-2.04000000e+00 -2.00590007e-05 
-2.06000000e+00 -2.04614327e-05 
-2.08000000e+00 -2.08638647e-05 
-2.10000000e+00 -2.12662967e-05 
-2.12000000e+00 -2.16687287e-05 
-2.14000000e+00 -2.20711607e-05 
-2.16000000e+00 -2.24735927e-05 
-2.18000000e+00 -2.28760247e-05 
-2.20000000e+00 -2.32784567e-05 
-2.22000000e+00 -2.36808887e-05 
-2.24000000e+00 -2.40833207e-05 
-2.26000000e+00 -2.44857527e-05 
-2.28000000e+00 -2.48881847e-05 
-2.30000000e+00 -2.52906167e-05 
-2.32000000e+00 -2.56930487e-05 
-2.34000000e+00 -2.60954807e-05 
-2.36000000e+00 -2.64979127e-05 
-2.38000000e+00 -2.69003447e-05 
-2.40000000e+00 -2.73027767e-05 
-2.42000000e+00 -2.77052087e-05 
-2.44000000e+00 -2.81076407e-05 
-2.46000000e+00 -2.85100727e-05 
-2.48000000e+00 -2.89125047e-05 
-2.50000000e+00 -2.93149367e-05 
-2.52000000e+00 -2.97173687e-05 
-2.54000000e+00 -3.01198007e-05 
-2.56000000e+00 -3.05222327e-05 
-2.58000000e+00 -3.09246647e-05 
-2.60000000e+00 -3.13270967e-05 
-2.62000000e+00 -3.17295287e-05 
-2.64000000e+00 -3.21319607e-05 
-2.66000000e+00 -3.25343927e-05 
-2.68000000e+00 -3.29368247e-05 
-2.70000000e+00 -3.33392567e-05 
-2.72000000e+00 -3.37416887e-05 
-2.74000000e+00 -3.41441207e-05 
-2.76000000e+00 -3.45465527e-05 
-2.78000000e+00 -3.49489847e-05 
-2.80000000e+00 -3.53514167e-05 
-2.82000000e+00 -3.57538487e-05 
-2.84000000e+00 -3.61562807e-05 
-2.86000000e+00 -3.65587127e-05 
-2.88000000e+00 -3.69611447e-05 
-2.90000000e+00 -3.73635767e-05 
-2.92000000e+00 -3.77660087e-05 
-2.94000000e+00 -3.81684407e-05 
-2.96000000e+00 -3.85708727e-05 
-2.98000000e+00 -3.89733047e-05 
-3.00000000e+00 -3.93757367e-05 
-3.02000000e+00 -3.97781687e-05 
-3.04000000e+00 -4.01806007e-05 
-3.06000000e+00 -4.05830327e-05 
-3.08000000e+00 -4.09854647e-05 
-3.10000000e+00 -4.13878967e-05 
-3.12000000e+00 -4.17903287e-05 
-3.14000000e+00 -4.21927607e-05 
-3.16000000e+00 -4.25951927e-05 
-3.18000000e+00 -4.29976247e-05 
-3.20000000e+00 -4.34000567e-05 
-3.22000000e+00 -4.38024887e-05 
-3.24000000e+00 -4.42049207e-05 
-3.26000000e+00 -4.46073527e-05 
-3.28000000e+00 -4.50097847e-05 
-3.30000000e+00 -4.54122167e-05 
-3.32000000e+00 -4.58146487e-05 
-3.34000000e+00 -4.62170807e-05 
-3.36000000e+00 -4.66195127e-05 
-3.38000000e+00 -4.70219447e-05 
-3.40000000e+00 -4.74243767e-05 
-3.42000000e+00 -4.78268087e-05 
-3.44000000e+00 -4.82292407e-05 
-3.46000000e+00 -4.86316727e-05 
-3.48000000e+00 -4.90341047e-05 
-3.50000000e+00 -4.94365367e-05 
-3.52000000e+00 -4.98389687e-05 
-3.54000000e+00 -5.02414007e-05 
-3.56000000e+00 -5.06438327e-05 
-3.58000000e+00 -5.10462647e-05 
-3.60000000e+00 -5.14486967e-05 
-3.62000000e+00 -5.18511287e-05 
-3.64000000e+00 -5.22535607e-05 
-3.66000000e+00 -5.26559927e-05 
-3.68000000e+00 -5.30584247e-05 
-3.70000000e+00 -5.34608567e-05 
-3.72000000e+00 -5.38632887e-05 
-3.74000000e+00 -5.42657207e-05 
-3.76000000e+00 -5.46681527e-05 
-3.78000000e+00 -5.50705847e-05 
-3.80000000e+00 -5.54730167e-05 
-3.82000000e+00 -5.58754487e-05 
-3.84000000e+00 -5.62778807e-05 
-3.86000000e+00 -5.66803127e-05 
-3.88000000e+00 -5.70827447e-05 
-3.90000000e+00 -5.74851767e-05 
-3.92000000e+00 -5.78876087e-05 
-3.94000000e+00 -5.82900407e-05 
-3.96000000e+00 -5.86924727e-05 
-3.98000000e+00 -5.90949047e-05 
-4.00000000e+00 -5.94973367e-05 
-4.02000000e+00 -5.98997687e-05 
-4.04000000e+00 -6.03022007e-05 
-4.06000000e+00 -6.07046327e-05 
-4.08000000e+00 -6.11070647e-05 
-4.10000000e+00 -6.15094967e-05 
-4.12000000e+00 -6.19119287e-05 
-4.14000000e+00 -6.23143607e-05 
-4.16000000e+00 -6.27167927e-05 
-4.18000000e+00 -6.31192247e-05 
-4.20000000e+00 -6.35216567e-05 
-4.22000000e+00 -6.39240887e-05 
-4.24000000e+00 -6.43265207e-05 
-4.26000000e+00 -6.47289527e-05 
-4.28000000e+00 -6.51313847e-05 
-4.30000000e+00 -6.55338167e-05 
-4.32000000e+00 -6.59362487e-05 
-4.34000000e+00 -6.63386807e-05 
-4.36000000e+00 -6.67411127e-05 
-4.38000000e+00 -6.71435447e-05 
-4.40000000e+00 -6.75459767e-05 
-4.42000000e+00 -6.79484087e-05 
-4.44000000e+00 -6.83508407e-05 
-4.46000000e+00 -6.87532727e-05 
-4.48000000e+00 -6.91557047e-05 
-4.50000000e+00 -6.95581367e-05 
-4.52000000e+00 -6.99605687e-05 
-4.54000000e+00 -7.03630007e-05 
-4.56000000e+00 -7.07654327e-05 
-4.58000000e+00 -7.11678647e-05 
-4.60000000e+00 -7.15702967e-05 
-4.62000000e+00 -7.19727287e-05 
-4.64000000e+00 -7.23751607e-05 
-4.66000000e+00 -7.27775927e-05 
-4.68000000e+00 -7.31800247e-05 
-4.70000000e+00 -7.35824567e-05 
-4.72000000e+00 -7.39848887e-05 
-4.74000000e+00 -7.43873207e-05 
-4.76000000e+00 -7.47897527e-05 
-4.78000000e+00 -7.51921847e-05 
-4.80000000e+00 -7.55946167e-05 
-4.82000000e+00 -7.59970487e-05 
-4.84000000e+00 -7.63994807e-05 
-4.86000000e+00 -7.68019127e-05 
-4.88000000e+00 -7.72043447e-05 
-4.90000000e+00 -7.76067767e-05 
-4.92000000e+00 -7.80092087e-05 
-4.94000000e+00 -7.84116407e-05 
-4.96000000e+00 -7.88140727e-05 
-4.98000000e+00 -7.92165047e-05 
-5.00000000e+00 -7.96189367e-05 
 0.00000000e+00  2.81000000e-12 
-2.00000000e-02  2.81000000e-12 
-4.00000000e-02  2.81000000e-12 
-6.00000000e-02  2.81000000e-12 
-8.00000000e-02  2.81000000e-12 
-1.00000000e-01  2.81000000e-12 
-1.20000000e-01  2.81000000e-12 
-1.40000000e-01  2.81000000e-12 
-1.60000000e-01  2.81000000e-12 
-1.80000000e-01  2.81000000e-12 
-2.00000000e-01  2.81000000e-12 
-2.20000000e-01  2.81000000e-12 
-2.40000000e-01  2.81000000e-12 
-2.60000000e-01  2.81000000e-12 
-2.80000000e-01  2.81000000e-12 
-3.00000000e-01  2.81000000e-12 
-3.20000000e-01  2.81000000e-12 
-3.40000000e-01  2.81000000e-12 
-3.60000000e-01  2.81000000e-12 
-3.80000000e-01  2.81000000e-12 
-4.00000000e-01  2.81000000e-12 
-4.20000000e-01  2.81000000e-12 
-4.40000000e-01  2.81000000e-12 
-4.60000000e-01  2.81000000e-12 
-4.80000000e-01  2.81000000e-12 
-5.00000000e-01  2.81000000e-12 
-5.20000000e-01  2.81000000e-12 
-5.40000000e-01  2.81000000e-12 
-5.60000000e-01  2.81000000e-12 
-5.80000000e-01  2.81000000e-12 
-6.00000000e-01  2.81000000e-12 
-6.20000000e-01  2.81000000e-12 
-6.40000000e-01  2.81000000e-12 
-6.60000000e-01  2.81000000e-12 
-6.80000000e-01  2.81000000e-12 
-7.00000000e-01  2.81000000e-12 
-7.20000000e-01  2.81000000e-12 
-7.40000000e-01  2.81000000e-12 
-7.60000000e-01  2.81000000e-12 
-7.80000000e-01  2.81000000e-12 
-8.00000000e-01  2.81000000e-12 
-8.20000000e-01  2.81000000e-12 
-8.40000000e-01  2.81000000e-12 
-8.60000000e-01  2.81000000e-12 
-8.80000000e-01  2.81000000e-12 
-9.00000000e-01  2.81000000e-12 
-9.20000000e-01  2.81000000e-12 
-9.40000000e-01  2.81000000e-12 
-9.60000000e-01  2.81000000e-12 
-9.80000000e-01  2.81000000e-12 
-1.00000000e+00  2.81000000e-12 
-1.02000000e+00  2.81000000e-12 
-1.04000000e+00  2.81000000e-12 
-1.06000000e+00  2.81000000e-12 
-1.08000000e+00 -3.78482841e-09 
-1.10000000e+00 -4.13664794e-08 
-1.12000000e+00 -1.19191330e-07 
-1.14000000e+00 -2.37259381e-07 
-1.16000000e+00 -3.95570632e-07 
-1.18000000e+00 -5.94125083e-07 
-1.20000000e+00 -8.32922734e-07 
-1.22000000e+00 -1.11196359e-06 
-1.24000000e+00 -1.43124764e-06 
-1.26000000e+00 -1.79077489e-06 
-1.28000000e+00 -2.18675770e-06 
-1.30000000e+00 -2.58918970e-06 
-1.32000000e+00 -2.99162170e-06 
-1.34000000e+00 -3.39405370e-06 
-1.36000000e+00 -3.79648570e-06 
-1.38000000e+00 -4.19891770e-06 
-1.40000000e+00 -4.60134970e-06 
-1.42000000e+00 -5.00378170e-06 
-1.44000000e+00 -5.40621370e-06 
-1.46000000e+00 -5.80864570e-06 
-1.48000000e+00 -6.21107770e-06 
-1.50000000e+00 -6.61350970e-06 
-1.52000000e+00 -7.01594170e-06 
-1.54000000e+00 -7.41837370e-06 
-1.56000000e+00 -7.82080570e-06 
-1.58000000e+00 -8.22323770e-06 
-1.60000000e+00 -8.62566970e-06 
-1.62000000e+00 -9.02810170e-06 
-1.64000000e+00 -9.43053370e-06 
-1.66000000e+00 -9.83296570e-06 
-1.68000000e+00 -1.02353977e-05 
-1.70000000e+00 -1.06378297e-05 
-1.72000000e+00 -1.10402617e-05 
-1.74000000e+00 -1.14426937e-05 
-1.76000000e+00 -1.18451257e-05 
-1.78000000e+00 -1.22475577e-05 
-1.80000000e+00 -1.26499897e-05 
-1.82000000e+00 -1.30524217e-05 
-1.84000000e+00 -1.34548537e-05 
-1.86000000e+00 -1.38572857e-05 
-1.88000000e+00 -1.42597177e-05 
-1.90000000e+00 -1.46621497e-05 
-1.92000000e+00 -1.50645817e-05 
-1.94000000e+00 -1.54670137e-05 
-1.96000000e+00 -1.58694457e-05 
-1.98000000e+00 -1.62718777e-05 
-2.00000000e+00 -1.66743097e-05 
-2.02000000e+00 -1.70767417e-05 
-2.04000000e+00 -1.74791737e-05 
-2.06000000e+00 -1.78816057e-05 
-2.08000000e+00 -1.82840377e-05 
-2.10000000e+00 -1.86864697e-05 
-2.12000000e+00 -1.90889017e-05 
-2.14000000e+00 -1.94913337e-05 
-2.16000000e+00 -1.98937657e-05 
-2.18000000e+00 -2.02961977e-05 
-2.20000000e+00 -2.06986297e-05 
-2.22000000e+00 -2.11010617e-05 
-2.24000000e+00 -2.15034937e-05 
-2.26000000e+00 -2.19059257e-05 
-2.28000000e+00 -2.23083577e-05 
-2.30000000e+00 -2.27107897e-05 
-2.32000000e+00 -2.31132217e-05 
-2.34000000e+00 -2.35156537e-05 
-2.36000000e+00 -2.39180857e-05 
-2.38000000e+00 -2.43205177e-05 
-2.40000000e+00 -2.47229497e-05 
-2.42000000e+00 -2.51253817e-05 
-2.44000000e+00 -2.55278137e-05 
-2.46000000e+00 -2.59302457e-05 
-2.48000000e+00 -2.63326777e-05 
-2.50000000e+00 -2.67351097e-05 
-2.52000000e+00 -2.71375417e-05 
-2.54000000e+00 -2.75399737e-05 
-2.56000000e+00 -2.79424057e-05 
-2.58000000e+00 -2.83448377e-05 
-2.60000000e+00 -2.87472697e-05 
-2.62000000e+00 -2.91497017e-05 
-2.64000000e+00 -2.95521337e-05 
-2.66000000e+00 -2.99545657e-05 
-2.68000000e+00 -3.03569977e-05 
-2.70000000e+00 -3.07594297e-05 
-2.72000000e+00 -3.11618617e-05 
-2.74000000e+00 -3.15642937e-05 
-2.76000000e+00 -3.19667257e-05 
-2.78000000e+00 -3.23691577e-05 
-2.80000000e+00 -3.27715897e-05 
-2.82000000e+00 -3.31740217e-05 
-2.84000000e+00 -3.35764537e-05 
-2.86000000e+00 -3.39788857e-05 
-2.88000000e+00 -3.43813177e-05 
-2.90000000e+00 -3.47837497e-05 
-2.92000000e+00 -3.51861817e-05 
-2.94000000e+00 -3.55886137e-05 
-2.96000000e+00 -3.59910457e-05 
-2.98000000e+00 -3.63934777e-05 
-3.00000000e+00 -3.67959097e-05 
-3.02000000e+00 -3.71983417e-05 
-3.04000000e+00 -3.76007737e-05 
-3.06000000e+00 -3.80032057e-05 
-3.08000000e+00 -3.84056377e-05 
-3.10000000e+00 -3.88080697e-05 
-3.12000000e+00 -3.92105017e-05 
-3.14000000e+00 -3.96129337e-05 
-3.16000000e+00 -4.00153657e-05 
-3.18000000e+00 -4.04177977e-05 
-3.20000000e+00 -4.08202297e-05 
-3.22000000e+00 -4.12226617e-05 
-3.24000000e+00 -4.16250937e-05 
-3.26000000e+00 -4.20275257e-05 
-3.28000000e+00 -4.24299577e-05 
-3.30000000e+00 -4.28323897e-05 
-3.32000000e+00 -4.32348217e-05 
-3.34000000e+00 -4.36372537e-05 
-3.36000000e+00 -4.40396857e-05 
-3.38000000e+00 -4.44421177e-05 
-3.40000000e+00 -4.48445497e-05 
-3.42000000e+00 -4.52469817e-05 
-3.44000000e+00 -4.56494137e-05 
-3.46000000e+00 -4.60518457e-05 
-3.48000000e+00 -4.64542777e-05 
-3.50000000e+00 -4.68567097e-05 
-3.52000000e+00 -4.72591417e-05 
-3.54000000e+00 -4.76615737e-05 
-3.56000000e+00 -4.80640057e-05 
-3.58000000e+00 -4.84664377e-05 
-3.60000000e+00 -4.88688697e-05 
-3.62000000e+00 -4.92713017e-05 
-3.64000000e+00 -4.96737337e-05 
-3.66000000e+00 -5.00761657e-05 
-3.68000000e+00 -5.04785977e-05 
-3.70000000e+00 -5.08810297e-05 
-3.72000000e+00 -5.12834617e-05 
-3.74000000e+00 -5.16858937e-05 
-3.76000000e+00 -5.20883257e-05 
-3.78000000e+00 -5.24907577e-05 
-3.80000000e+00 -5.28931897e-05 
-3.82000000e+00 -5.32956217e-05 
-3.84000000e+00 -5.36980537e-05 
-3.86000000e+00 -5.41004857e-05 
-3.88000000e+00 -5.45029177e-05 
-3.90000000e+00 -5.49053497e-05 
-3.92000000e+00 -5.53077817e-05 
-3.94000000e+00 -5.57102137e-05 
-3.96000000e+00 -5.61126457e-05 
-3.98000000e+00 -5.65150777e-05 
-4.00000000e+00 -5.69175097e-05 
-4.02000000e+00 -5.73199417e-05 
-4.04000000e+00 -5.77223737e-05 
-4.06000000e+00 -5.81248057e-05 
-4.08000000e+00 -5.85272377e-05 
-4.10000000e+00 -5.89296697e-05 
-4.12000000e+00 -5.93321017e-05 
-4.14000000e+00 -5.97345337e-05 
-4.16000000e+00 -6.01369657e-05 
-4.18000000e+00 -6.05393977e-05 
-4.20000000e+00 -6.09418297e-05 
-4.22000000e+00 -6.13442617e-05 
-4.24000000e+00 -6.17466937e-05 
-4.26000000e+00 -6.21491257e-05 
-4.28000000e+00 -6.25515577e-05 
-4.30000000e+00 -6.29539897e-05 
-4.32000000e+00 -6.33564217e-05 
-4.34000000e+00 -6.37588537e-05 
-4.36000000e+00 -6.41612857e-05 
-4.38000000e+00 -6.45637177e-05 
-4.40000000e+00 -6.49661497e-05 
-4.42000000e+00 -6.53685817e-05 
-4.44000000e+00 -6.57710137e-05 
-4.46000000e+00 -6.61734457e-05 
-4.48000000e+00 -6.65758777e-05 
-4.50000000e+00 -6.69783097e-05 
-4.52000000e+00 -6.73807417e-05 
-4.54000000e+00 -6.77831737e-05 
-4.56000000e+00 -6.81856057e-05 
-4.58000000e+00 -6.85880377e-05 
-4.60000000e+00 -6.89904697e-05 
-4.62000000e+00 -6.93929017e-05 
-4.64000000e+00 -6.97953337e-05 
-4.66000000e+00 -7.01977657e-05 
-4.68000000e+00 -7.06001977e-05 
-4.70000000e+00 -7.10026297e-05 
-4.72000000e+00 -7.14050617e-05 
-4.74000000e+00 -7.18074937e-05 
-4.76000000e+00 -7.22099257e-05 
-4.78000000e+00 -7.26123577e-05 
-4.80000000e+00 -7.30147897e-05 
-4.82000000e+00 -7.34172217e-05 
-4.84000000e+00 -7.38196537e-05 
-4.86000000e+00 -7.42220857e-05 
-4.88000000e+00 -7.46245177e-05 
-4.90000000e+00 -7.50269497e-05 
-4.92000000e+00 -7.54293817e-05 
-4.94000000e+00 -7.58318137e-05 
-4.96000000e+00 -7.62342457e-05 
-4.98000000e+00 -7.66366777e-05 
-5.00000000e+00 -7.70391097e-05 
 0.00000000e+00  3.81000000e-12 
-2.00000000e-02  3.81000000e-12 
-4.00000000e-02  3.81000000e-12 
-6.00000000e-02  3.81000000e-12 
-8.00000000e-02  3.81000000e-12 
-1.00000000e-01  3.81000000e-12 
-1.20000000e-01  3.81000000e-12 
-1.40000000e-01  3.81000000e-12 
-1.60000000e-01  3.81000000e-12 
-1.80000000e-01  3.81000000e-12 
-2.00000000e-01  3.81000000e-12 
-2.20000000e-01  3.81000000e-12 
-2.40000000e-01  3.81000000e-12 
-2.60000000e-01  3.81000000e-12 
-2.80000000e-01  3.81000000e-12 
-3.00000000e-01  3.81000000e-12 
-3.20000000e-01  3.81000000e-12 
-3.40000000e-01  3.81000000e-12 
-3.60000000e-01  3.81000000e-12 
-3.80000000e-01  3.81000000e-12 
-4.00000000e-01  3.81000000e-12 
-4.20000000e-01  3.81000000e-12 
-4.40000000e-01  3.81000000e-12 
-4.60000000e-01  3.81000000e-12 
-4.80000000e-01  3.81000000e-12 
-5.00000000e-01  3.81000000e-12 
-5.20000000e-01  3.81000000e-12 
-5.40000000e-01  3.81000000e-12 
-5.60000000e-01  3.81000000e-12 
-5.80000000e-01  3.81000000e-12 
-6.00000000e-01  3.81000000e-12 
-6.20000000e-01  3.81000000e-12 
-6.40000000e-01  3.81000000e-12 
-6.60000000e-01  3.81000000e-12 
-6.80000000e-01  3.81000000e-12 
-7.00000000e-01  3.81000000e-12 
-7.20000000e-01  3.81000000e-12 
-7.40000000e-01  3.81000000e-12 
-7.60000000e-01  3.81000000e-12 
-7.80000000e-01  3.81000000e-12 
-8.00000000e-01  3.81000000e-12 
-8.20000000e-01  3.81000000e-12 
-8.40000000e-01  3.81000000e-12 
-8.60000000e-01  3.81000000e-12 
-8.80000000e-01  3.81000000e-12 
-9.00000000e-01  3.81000000e-12 
-9.20000000e-01  3.81000000e-12 
-9.40000000e-01  3.81000000e-12 
-9.60000000e-01  3.81000000e-12 
-9.80000000e-01  3.81000000e-12 
-1.00000000e+00  3.81000000e-12 
-1.02000000e+00  3.81000000e-12 
-1.04000000e+00  3.81000000e-12 
-1.06000000e+00  3.81000000e-12 
-1.08000000e+00  3.81000000e-12 
-1.10000000e+00  3.81000000e-12 
-1.12000000e+00  3.81000000e-12 
-1.14000000e+00  3.81000000e-12 
-1.16000000e+00  3.81000000e-12 
-1.18000000e+00  3.81000000e-12 
-1.20000000e+00 -1.51384059e-08 
-1.22000000e+00 -7.01704978e-08 
-1.24000000e+00 -1.65445790e-07 
-1.26000000e+00 -3.00964282e-07 
-1.28000000e+00 -4.76725974e-07 
-1.30000000e+00 -6.92730865e-07 
-1.32000000e+00 -9.48978957e-07 
-1.34000000e+00 -1.24547025e-06 
-1.36000000e+00 -1.58220474e-06 
-1.38000000e+00 -1.95918243e-06 
-1.40000000e+00 -2.36126111e-06 
-1.42000000e+00 -2.76369311e-06 
-1.44000000e+00 -3.16612511e-06 
-1.46000000e+00 -3.56855711e-06 
-1.48000000e+00 -3.97098911e-06 
-1.50000000e+00 -4.37342111e-06 
-1.52000000e+00 -4.77585311e-06 
-1.54000000e+00 -5.17828511e-06 
-1.56000000e+00 -5.58071711e-06 
-1.58000000e+00 -5.98314911e-06 
-1.60000000e+00 -6.38558111e-06 
-1.62000000e+00 -6.78801311e-06 
-1.64000000e+00 -7.19044511e-06 
-1.66000000e+00 -7.59287711e-06 
-1.68000000e+00 -7.99530911e-06 
-1.70000000e+00 -8.39774111e-06 
-1.72000000e+00 -8.80017311e-06 
-1.74000000e+00 -9.20260511e-06 
-1.76000000e+00 -9.60503711e-06 
-1.78000000e+00 -1.00074691e-05 
-1.80000000e+00 -1.04099011e-05 
-1.82000000e+00 -1.08123331e-05 
-1.84000000e+00 -1.12147651e-05 
-1.86000000e+00 -1.16171971e-05 
-1.88000000e+00 -1.20196291e-05 
-1.90000000e+00 -1.24220611e-05 
-1.92000000e+00 -1.28244931e-05 
-1.94000000e+00 -1.32269251e-05 
-1.96000000e+00 -1.36293571e-05 
-1.98000000e+00 -1.40317891e-05 
-2.00000000e+00 -1.44342211e-05 
-2.02000000e+00 -1.48366531e-05 
-2.04000000e+00 -1.52390851e-05 
-2.06000000e+00 -1.56415171e-05 
-2.08000000e+00 -1.60439491e-05 
-2.10000000e+00 -1.64463811e-05 
-2.12000000e+00 -1.68488131e-05 
-2.14000000e+00 -1.72512451e-05 
-2.16000000e+00 -1.76536771e-05 
-2.18000000e+00 -1.80561091e-05 
-2.20000000e+00 -1.84585411e-05 
-2.22000000e+00 -1.88609731e-05 
-2.24000000e+00 -1.92634051e-05 
-2.26000000e+00 -1.96658371e-05 
-2.28000000e+00 -2.00682691e-05 
-2.30000000e+00 -2.04707011e-05 
-2.32000000e+00 -2.08731331e-05 
-2.34000000e+00 -2.12755651e-05 
-2.36000000e+00 -2.16779971e-05 
-2.38000000e+00 -2.20804291e-05 
-2.40000000e+00 -2.24828611e-05 
-2.42000000e+00 -2.28852931e-05 
-2.44000000e+00 -2.32877251e-05 
-2.46000000e+00 -2.36901571e-05 
-2.48000000e+00 -2.40925891e-05 
-2.50000000e+00 -2.44950211e-05 
-2.52000000e+00 -2.48974531e-05 
-2.54000000e+00 -2.52998851e-05 
-2.56000000e+00 -2.57023171e-05 
-2.58000000e+00 -2.61047491e-05 
-2.60000000e+00 -2.65071811e-05 
-2.62000000e+00 -2.69096131e-05 
-2.64000000e+00 -2.73120451e-05 
-2.66000000e+00 -2.77144771e-05 
-2.68000000e+00 -2.81169091e-05 
-2.70000000e+00 -2.85193411e-05 
-2.72000000e+00 -2.89217731e-05 
-2.74000000e+00 -2.93242051e-05 
-2.76000000e+00 -2.97266371e-05 
-2.78000000e+00 -3.01290691e-05 
-2.80000000e+00 -3.05315011e-05 
-2.82000000e+00 -3.09339331e-05 
-2.84000000e+00 -3.13363651e-05 
-2.86000000e+00 -3.17387971e-05 
-2.88000000e+00 -3.21412291e-05 
-2.90000000e+00 -3.25436611e-05 
-2.92000000e+00 -3.29460931e-05 
-2.94000000e+00 -3.33485251e-05 
-2.96000000e+00 -3.37509571e-05 
-2.98000000e+00 -3.41533891e-05 
-3.00000000e+00 -3.45558211e-05 
-3.02000000e+00 -3.49582531e-05 
-3.04000000e+00 -3.53606851e-05 
-3.06000000e+00 -3.57631171e-05 
-3.08000000e+00 -3.61655491e-05 
-3.10000000e+00 -3.65679811e-05 
-3.12000000e+00 -3.69704131e-05 
-3.14000000e+00 -3.73728451e-05 
-3.16000000e+00 -3.77752771e-05 
-3.18000000e+00 -3.81777091e-05 
-3.20000000e+00 -3.85801411e-05 
-3.22000000e+00 -3.89825731e-05 
-3.24000000e+00 -3.93850051e-05 
-3.26000000e+00 -3.97874371e-05 
-3.28000000e+00 -4.01898691e-05 
-3.30000000e+00 -4.05923011e-05 
-3.32000000e+00 -4.09947331e-05 
-3.34000000e+00 -4.13971651e-05 
-3.36000000e+00 -4.17995971e-05 
-3.38000000e+00 -4.22020291e-05 
-3.40000000e+00 -4.26044611e-05 
-3.42000000e+00 -4.30068931e-05 
-3.44000000e+00 -4.34093251e-05 
-3.46000000e+00 -4.38117571e-05 
-3.48000000e+00 -4.42141891e-05 
-3.50000000e+00 -4.46166211e-05 
-3.52000000e+00 -4.50190531e-05 
-3.54000000e+00 -4.54214851e-05 
-3.56000000e+00 -4.58239171e-05 
-3.58000000e+00 -4.62263491e-05 
-3.60000000e+00 -4.66287811e-05 
-3.62000000e+00 -4.70312131e-05 
-3.64000000e+00 -4.74336451e-05 
-3.66000000e+00 -4.78360771e-05 
-3.68000000e+00 -4.82385091e-05 
-3.70000000e+00 -4.86409411e-05 
-3.72000000e+00 -4.90433731e-05 
-3.74000000e+00 -4.94458051e-05 
-3.76000000e+00 -4.98482371e-05 
-3.78000000e+00 -5.02506691e-05 
-3.80000000e+00 -5.06531011e-05 
-3.82000000e+00 -5.10555331e-05 
-3.84000000e+00 -5.14579651e-05 
-3.86000000e+00 -5.18603971e-05 
-3.88000000e+00 -5.22628291e-05 
-3.90000000e+00 -5.26652611e-05 
-3.92000000e+00 -5.30676931e-05 
-3.94000000e+00 -5.34701251e-05 
-3.96000000e+00 -5.38725571e-05 
-3.98000000e+00 -5.42749891e-05 
-4.00000000e+00 -5.46774211e-05 
-4.02000000e+00 -5.50798531e-05 
-4.04000000e+00 -5.54822851e-05 
-4.06000000e+00 -5.58847171e-05 
-4.08000000e+00 -5.62871491e-05 
-4.10000000e+00 -5.66895811e-05 
-4.12000000e+00 -5.70920131e-05 
-4.14000000e+00 -5.74944451e-05 
-4.16000000e+00 -5.78968771e-05 
-4.18000000e+00 -5.82993091e-05 
-4.20000000e+00 -5.87017411e-05 
-4.22000000e+00 -5.91041731e-05 
-4.24000000e+00 -5.95066051e-05 
-4.26000000e+00 -5.99090371e-05 
-4.28000000e+00 -6.03114691e-05 
-4.30000000e+00 -6.07139011e-05 
-4.32000000e+00 -6.11163331e-05 
-4.34000000e+00 -6.15187651e-05 
-4.36000000e+00 -6.19211971e-05 
-4.38000000e+00 -6.23236291e-05 
-4.40000000e+00 -6.27260611e-05 
-4.42000000e+00 -6.31284931e-05 
-4.44000000e+00 -6.35309251e-05 
-4.46000000e+00 -6.39333571e-05 
-4.48000000e+00 -6.43357891e-05 
-4.50000000e+00 -6.47382211e-05 
-4.52000000e+00 -6.51406531e-05 
-4.54000000e+00 -6.55430851e-05 
-4.56000000e+00 -6.59455171e-05 
-4.58000000e+00 -6.63479491e-05 
-4.60000000e+00 -6.67503811e-05 
-4.62000000e+00 -6.71528131e-05 
-4.64000000e+00 -6.75552451e-05 
-4.66000000e+00 -6.79576771e-05 
-4.68000000e+00 -6.83601091e-05 
-4.70000000e+00 -6.87625411e-05 
-4.72000000e+00 -6.91649731e-05 
-4.74000000e+00 -6.95674051e-05 
-4.76000000e+00 -6.99698371e-05 
-4.78000000e+00 -7.03722691e-05 
-4.80000000e+00 -7.07747011e-05 
-4.82000000e+00 -7.11771331e-05 
-4.84000000e+00 -7.15795651e-05 
-4.86000000e+00 -7.19819971e-05 
-4.88000000e+00 -7.23844291e-05 
-4.90000000e+00 -7.27868611e-05 
-4.92000000e+00 -7.31892931e-05 
-4.94000000e+00 -7.35917251e-05 
-4.96000000e+00 -7.39941571e-05 
-4.98000000e+00 -7.43965891e-05 
-5.00000000e+00 -7.47990211e-05 
